# Spitzer IC 10 X-2. Col 1: Date (MJD), Cols 2-3: [3.6] mags and uncertainties, Cols 3-4: [4.5] mags and uncertainties. For the first epoch, [5.8] mag: 33.028976 +/- 0.380268 and [8.0] mag: 31.773490 +/- 0.373559
53209.00000   34.09478    0.14552   33.41183    0.10171
55225.00000   34.97054    0.20631   34.48123    0.16054
55246.00000   35.44247    0.23419   35.14360    0.20432
55265.00000   34.99021    0.17912   34.94962    0.17945
55448.00000   35.19576    0.20594   34.84399    0.17181
55473.00000   35.11676    0.19708   34.76834    0.16550
55483.00000   35.41236    0.23704   35.06345    0.19537
55828.00000   35.40616    0.24616   34.98300    0.19460
56021.00000   35.21911    0.21208   34.96204    0.17887
57092.00000   35.59590    0.23178   35.20628    0.21726
57470.00000   35.39617    0.21315   35.08044    0.20915
