# Spitzer IC 10 X-2. Col 1: Date (MJD), Cols 2-3: [3.6] mags and uncertainties, Cols 3-4: [4.5] mags and uncertainties. For the first epoch, [5.8] mag: 14.344302 +/- 0.165148 and [8.0] mag: 13.799051 +/- 0.162235
53209.00000   14.80717    0.06320   14.51057    0.04417
55225.00000   15.18751    0.08960   14.97501    0.06972
55246.00000   15.39247    0.10171   15.26267    0.08874
55265.00000   15.19605    0.07779   15.17843    0.07793
55448.00000   15.28532    0.08944   15.13255    0.07462
55473.00000   15.25101    0.08559   15.09970    0.07188
55483.00000   15.37939    0.10295   15.22786    0.08485
55828.00000   15.37670    0.10691   15.19292    0.08452
56021.00000   15.29547    0.09211   15.18382    0.07768
57092.00000   15.45910    0.10066   15.28989    0.09435
57470.00000   15.37236    0.09257   15.23524    0.09083
