#\*l[\oA]	F(\*l)
 10472.0  9.66555e-01
 10472.6  9.37382e-01
 10473.3  8.50560e-01
 10473.9  9.09602e-01
 10474.5  9.68652e-01
 10475.2  9.74069e-01
 10475.8  9.75083e-01
 10476.4  1.04567e+00
 10477.1  1.02278e+00
 10477.7  1.01508e+00
 10478.3  9.99206e-01
 10479.0  9.74849e-01
 10479.6  9.12962e-01
 10480.2  1.02101e+00
 10480.9  9.64108e-01
 10481.5  8.99904e-01
 10482.2  8.69432e-01
 10482.8  9.48685e-01
 10483.4  9.76554e-01
 10484.1  9.24119e-01
 10484.7  9.04989e-01
 10485.3  1.00867e+00
 10486.0  1.08861e+00
 10486.6  1.10777e+00
 10487.2  1.07068e+00
 10487.9  1.01856e+00
 10488.5  1.06344e+00
 10489.1  1.06922e+00
 10489.8  1.13388e+00
 10490.4  1.16820e+00
 10491.0  1.13166e+00
 10491.7  1.14296e+00
 10492.3  1.11165e+00
 10492.9  1.04096e+00
 10493.6  1.13014e+00
 10494.2  1.13084e+00
 10494.8  1.10781e+00
 10495.5  1.04329e+00
 10496.1  1.11211e+00
 10496.7  1.12041e+00
 10497.4  1.20831e+00
 10498.0  1.44182e+00
 10498.6  1.53099e+00
 10499.3  1.55660e+00
 10499.9  1.59878e+00
 10500.6  1.51448e+00
 10501.2  1.49760e+00
 10501.8  1.49733e+00
 10502.5  1.49528e+00
 10503.1  1.49844e+00
 10503.7  1.49288e+00
 10504.4  1.49733e+00
 10505.0  1.48325e+00
 10505.6  1.26261e+00
 10506.3  1.07160e+00
 10506.9  9.95687e-01
 10507.5  9.33630e-01
 10508.2  9.68454e-01
 10508.8  1.01330e+00
 10509.4  1.01436e+00
 10510.1  1.00762e+00
 10510.7  9.20727e-01
 10511.3  9.46492e-01
 10512.0  9.13300e-01
 10512.6  1.03738e+00
 10513.2  1.07787e+00
 10513.9  9.87054e-01
 10514.5  9.40207e-01
 10515.1  1.04172e+00
 10515.8  1.07458e+00
 10516.4  1.06068e+00
 10517.1  9.84269e-01
 10517.7  1.04937e+00
 10518.3  1.03628e+00
 10519.0  1.02081e+00
 10519.6  1.00369e+00
 10520.2  9.88910e-01
 10520.9  9.89807e-01
 10521.5  1.04421e+00
 10522.1  1.03396e+00
 10522.8  1.05868e+00
 10523.4  1.08752e+00
 10524.0  1.10344e+00
 10524.7  1.08465e+00
 10525.3  1.09597e+00
 10525.9  1.07841e+00
 10526.6  1.07568e+00
 10527.2  1.11083e+00
 10527.8  1.06192e+00
 10528.5  1.06788e+00
 10529.1  1.03601e+00
 10529.7  9.43505e-01
 10530.4  9.26917e-01
 10531.0  9.64868e-01
 10531.6  9.21359e-01
 10532.3  9.52198e-01
 10532.9  1.00366e+00
 10533.6  1.07586e+00
 10534.2  1.00642e+00
 10534.8  9.96297e-01
 10535.5  9.25558e-01
 10536.1  9.50003e-01
 10536.7  9.56493e-01
 10537.4  1.01567e+00
 10538.0  9.96991e-01
 10538.6  9.94781e-01
 10539.3  9.97115e-01
 10539.9  9.95054e-01
 10540.5  9.27360e-01
 10541.2  1.00254e+00
 10541.8  1.04256e+00
 10542.4  1.03086e+00
 10543.1  1.00277e+00
 10543.7  1.09001e+00
 10544.3  1.11497e+00
 10545.0  1.13731e+00
 10545.6  1.13126e+00
 10546.2  1.13989e+00
 10546.9  1.08913e+00
 10547.5  1.04208e+00
 10548.1  9.47879e-01
 10548.8  9.04960e-01
 10549.4  9.89885e-01
 10550.0  1.07736e+00
 10550.7  1.08871e+00
 10551.3  1.07904e+00
 10552.0  1.02271e+00
 10552.6  9.56094e-01
 10553.2  9.75939e-01
 10553.9  9.61119e-01
 10554.5  9.58819e-01
 10555.1  1.00130e+00
 10555.8  9.98740e-01
 10556.4  9.88080e-01
 10557.0  9.16108e-01
 10557.7  8.42860e-01
 10558.3  9.18644e-01
 10558.9  9.53548e-01
 10559.6  9.75541e-01
 10560.2  9.92895e-01
 10560.8  9.30017e-01
 10561.5  9.57135e-01
 10562.1  9.69980e-01
 10562.7  9.67153e-01
 10563.4  9.58571e-01
 10564.0  1.00270e+00
 10564.6  9.92245e-01
 10565.3  9.49958e-01
 10565.9  9.23272e-01
 10566.5  8.78015e-01
 10567.2  9.43256e-01
 10567.8  9.41408e-01
 10568.5  8.75427e-01
 10569.1  9.55158e-01
 10569.7  9.28065e-01
 10570.4  1.01247e+00
 10571.0  1.06058e+00
 10571.6  1.04124e+00
 10572.3  9.57151e-01
 10572.9  8.92233e-01
 10573.5  9.63988e-01
 10574.2  1.02033e+00
 10574.8  9.94677e-01
 10575.4  9.44834e-01
 10576.1  9.37857e-01
 10576.7  9.44068e-01
 10577.3  1.00662e+00
 10578.0  1.04127e+00
 10578.6  1.01856e+00
 10579.2  9.75765e-01
 10579.9  9.82081e-01
 10580.5  1.01664e+00
 10581.1  1.02466e+00
 10581.8  9.46494e-01
 10582.4  9.37264e-01
 10583.0  1.02522e+00
 10583.7  1.02652e+00
 10584.3  9.47609e-01
 10585.0  9.36439e-01
 10585.6  9.75946e-01
 10586.2  9.50530e-01
 10586.9  9.05708e-01
 10587.5  9.66155e-01
 10588.1  9.41938e-01
 10588.8  9.59916e-01
 10589.4  1.02554e+00
 10590.0  9.94566e-01
 10590.7  9.26122e-01
 10591.3  9.18975e-01
 10591.9  1.02049e+00
 10592.6  1.11083e+00
 10593.2  1.02994e+00
 10593.8  1.00011e+00
 10594.5  1.03269e+00
 10595.1  9.93078e-01
 10595.7  9.86941e-01
 10596.4  9.84054e-01
 10597.0  9.82154e-01
 10597.6  9.41871e-01
 10598.3  9.41445e-01
 10598.9  1.01514e+00
 10599.5  9.88892e-01
 10600.2  9.80493e-01
 10600.8  1.04496e+00
 10601.4  1.00291e+00
 10602.1  9.69285e-01
 10602.7  9.84311e-01
 10603.4  9.66376e-01
 10604.0  9.66658e-01
 10604.6  9.81718e-01
 10605.3  9.98308e-01
 10605.9  9.91890e-01
 10606.5  9.93188e-01
 10607.2  1.00949e+00
 10607.8  1.06405e+00
 10608.4  1.06944e+00
 10609.1  1.04253e+00
 10609.7  1.05956e+00
 10610.3  1.00056e+00
 10611.0  9.69251e-01
 10611.6  1.01070e+00
 10612.2  9.55615e-01
 10612.9  9.46408e-01
 10613.5  9.73677e-01
 10614.1  9.71148e-01
 10614.8  9.70110e-01
 10615.4  1.05192e+00
 10616.0  1.01535e+00
 10616.7  9.24942e-01
 10617.3  9.19341e-01
 10617.9  9.02558e-01
 10618.6  1.00302e+00
 10619.2  1.00232e+00
 10619.9  1.00956e+00
 10620.5  1.03235e+00
 10621.1  1.01613e+00
 10621.8  1.01135e+00
 10622.4  9.99026e-01
 10623.0  9.65952e-01
 10623.7  9.60522e-01
 10624.3  1.04780e+00
 10624.9  1.08204e+00
 10625.6  1.01667e+00
 10626.2  9.57710e-01
 10626.8  9.75643e-01
 10627.5  9.79750e-01
 10628.1  1.01627e+00
 10628.7  1.01650e+00
 10629.4  9.75357e-01
 10630.0  1.01846e+00
 10630.6  1.05912e+00
 10631.3  9.37471e-01
 10631.9  8.54775e-01
 10632.5  9.34900e-01
 10633.2  9.39570e-01
 10633.8  9.41325e-01
 10634.4  9.48640e-01
 10635.1  9.39875e-01
 10635.7  9.29451e-01
 10636.4  9.45823e-01
 10637.0  9.87667e-01
 10637.6  1.00071e+00
 10638.3  9.73459e-01
 10638.9  9.94806e-01
 10639.5  1.06215e+00
 10640.2  1.04408e+00
 10640.8  1.02590e+00
 10641.4  1.00374e+00
 10642.1  9.73242e-01
 10642.7  9.81487e-01
 10643.3  1.04168e+00
 10644.0  1.01094e+00
 10644.6  1.02412e+00
 10645.2  1.05831e+00
 10645.9  9.87482e-01
 10646.5  1.01331e+00
 10647.1  9.84168e-01
 10647.8  9.61680e-01
 10648.4  9.92027e-01
 10649.0  1.03322e+00
 10649.7  1.06741e+00
 10650.3  1.06236e+00
 10650.9  1.05801e+00
 10651.6  1.01494e+00
 10652.2  1.02390e+00
 10652.8  1.04160e+00
 10653.5  1.04360e+00
 10654.1  9.72479e-01
 10654.8  9.33435e-01
 10655.4  9.84867e-01
 10656.0  9.88408e-01
 10656.7  1.01023e+00
 10657.3  1.01026e+00
 10657.9  1.00126e+00
 10658.6  1.05987e+00
 10659.2  9.81412e-01
 10659.8  8.58285e-01
 10660.5  9.37285e-01
 10661.1  9.95208e-01
 10661.7  1.03793e+00
 10662.4  1.02784e+00
 10663.0  9.85525e-01
 10663.6  9.96746e-01
 10664.3  9.74915e-01
 10664.9  9.70493e-01
 10665.5  9.54425e-01
 10666.2  9.00770e-01
 10666.8  9.44598e-01
 10667.4  1.04422e+00
 10668.1  1.08100e+00
 10668.7  1.10066e+00
 10669.3  1.14572e+00
 10670.0  1.17104e+00
 10670.6  1.08628e+00
 10671.3  1.03470e+00
 10671.9  9.91686e-01
 10672.5  9.57800e-01
 10673.2  9.70522e-01
 10673.8  9.19831e-01
 10674.4  9.93791e-01
 10675.1  1.04064e+00
 10675.7  9.65968e-01
 10676.3  1.02754e+00
 10677.0  1.00778e+00
 10677.6  9.51346e-01
 10678.2  9.60589e-01
 10678.9  9.90565e-01
 10679.5  1.06285e+00
 10680.1  1.06686e+00
 10680.8  1.08400e+00
 10681.4  1.05847e+00
 10682.0  9.71700e-01
 10682.7  9.94688e-01
 10683.3  1.06396e+00
 10683.9  1.03072e+00
 10684.6  1.05169e+00
 10685.2  1.06603e+00
 10685.8  9.82252e-01
 10686.5  9.96143e-01
 10687.1  9.48025e-01
 10687.8  9.40657e-01
 10688.4  9.53783e-01
 10689.0  9.46148e-01
 10689.7  1.03421e+00
 10690.3  1.10960e+00
 10690.9  1.08271e+00
 10691.6  1.06720e+00
 10692.2  1.01931e+00
 10692.8  1.05034e+00
 10693.5  1.02320e+00
 10694.1  1.03906e+00
 10694.7  1.07486e+00
 10695.4  9.57451e-01
 10696.0  9.37934e-01
 10696.6  9.28003e-01
 10697.3  8.96659e-01
 10697.9  9.17029e-01
 10698.5  9.54614e-01
 10699.2  9.72710e-01
 10699.8  1.02654e+00
 10700.4  1.04991e+00
 10701.1  9.95992e-01
 10701.7  9.65733e-01
 10702.3  9.83607e-01
 10703.0  9.86710e-01
 10703.6  9.80994e-01
 10704.2  9.34083e-01
 10704.9  8.34859e-01
 10705.5  8.99825e-01
 10706.2  1.01912e+00
 10706.8  1.03195e+00
 10707.4  9.89228e-01
 10708.1  1.06572e+00
 10708.7  1.05326e+00
 10709.3  1.04278e+00
 10710.0  9.96671e-01
 10710.6  9.48238e-01
 10711.2  9.33820e-01
 10711.9  9.67472e-01
 10712.5  1.08392e+00
 10713.1  1.13033e+00
 10713.8  1.05296e+00
 10714.4  1.02793e+00
 10715.0  1.06022e+00
 10715.7  1.05130e+00
 10716.3  1.02117e+00
 10716.9  9.82715e-01
 10717.6  9.90867e-01
 10718.2  9.85035e-01
 10718.8  9.70877e-01
 10719.5  1.00423e+00
 10720.1  1.01314e+00
 10720.7  1.04209e+00
 10721.4  9.77045e-01
 10722.0  9.66979e-01
 10722.7  9.93178e-01
 10723.3  9.69902e-01
 10723.9  9.68676e-01
 10724.6  1.03719e+00
 10725.2  1.00603e+00
 10725.8  9.65746e-01
 10726.5  1.02027e+00
 10727.1  1.04051e+00
 10727.7  1.00882e+00
 10728.4  9.52939e-01
 10729.0  1.01449e+00
 10729.6  1.07745e+00
 10730.3  1.05516e+00
 10730.9  1.05166e+00
 10731.5  1.08695e+00
 10732.2  1.04247e+00
 10732.8  1.04850e+00
 10733.4  1.10591e+00
 10734.1  1.07305e+00
 10734.7  1.07525e+00
 10735.3  1.04882e+00
 10736.0  1.07517e+00
 10736.6  1.10863e+00
 10737.2  1.01403e+00
 10737.9  9.67680e-01
 10738.5  9.88145e-01
 10739.2  1.02026e+00
 10739.8  1.03525e+00
 10740.4  1.06454e+00
 10741.1  1.10583e+00
 10741.7  1.01706e+00
 10742.3  9.40425e-01
 10743.0  9.02394e-01
 10743.6  9.97522e-01
 10744.2  1.02906e+00
 10744.9  9.66611e-01
 10745.5  9.51042e-01
 10746.1  1.02197e+00
 10746.8  1.01035e+00
 10747.4  9.86284e-01
 10748.0  9.71155e-01
 10748.7  9.87093e-01
 10749.3  1.04903e+00
 10749.9  1.01745e+00
 10750.6  1.03900e+00
 10751.2  1.02972e+00
 10751.8  9.62142e-01
 10752.5  9.94632e-01
 10753.1  1.03384e+00
 10753.7  1.07524e+00
 10754.4  1.07855e+00
 10755.0  1.05979e+00
 10755.6  1.09004e+00
 10756.3  1.08008e+00
 10756.9  1.04667e+00
 10757.6  9.96534e-01
 10758.2  9.77185e-01
 10758.8  9.69000e-01
 10759.5  1.01265e+00
 10760.1  9.68007e-01
 10760.7  9.55183e-01
 10761.4  1.01978e+00
 10762.0  1.00906e+00
 10762.6  1.04639e+00
 10763.3  1.11345e+00
 10763.9  1.11435e+00
 10764.5  1.02919e+00
 10765.2  1.03228e+00
 10765.8  1.03242e+00
 10766.4  1.11156e+00
 10767.1  1.11750e+00
 10767.7  1.04178e+00
 10768.3  9.86472e-01
 10769.0  1.02595e+00
 10769.6  1.05038e+00
 10770.2  1.04683e+00
 10770.9  1.03158e+00
 10771.5  9.95699e-01
 10772.1  9.87164e-01
 10772.8  1.05004e+00
 10773.4  1.07031e+00
 10774.1  1.05079e+00
 10774.7  1.05556e+00
 10775.3  1.12129e+00
 10776.0  1.01592e+00
 10776.6  1.04293e+00
 10777.2  1.08119e+00
 10777.9  1.01930e+00
 10778.5  9.79461e-01
 10779.1  9.98984e-01
 10779.8  1.08559e+00
 10780.4  1.07502e+00
 10781.0  9.35113e-01
 10781.7  1.08040e+00
 10782.3  1.11999e+00
 10782.9  1.06796e+00
 10783.6  1.05155e+00
 10784.2  1.02967e+00
 10784.8  1.03765e+00
 10785.5  1.02359e+00
 10786.1  9.75036e-01
 10786.7  1.00009e+00
 10787.4  1.05521e+00
 10788.0  1.12344e+00
 10788.6  1.20376e+00
 10789.3  1.15352e+00
 10789.9  1.03668e+00
 10790.6  1.09615e+00
 10791.2  1.15321e+00
 10791.8  1.08963e+00
 10792.5  1.07915e+00
 10793.1  1.11155e+00
 10793.7  1.13293e+00
 10794.4  1.13408e+00
 10795.0  1.17050e+00
 10795.6  1.04133e+00
 10796.3  1.08702e+00
 10796.9  1.13494e+00
 10797.5  1.11180e+00
 10798.2  1.14359e+00
 10798.8  1.11775e+00
 10799.4  1.07690e+00
 10800.1  1.13643e+00
 10800.7  1.19827e+00
 10801.3  1.22348e+00
 10802.0  1.16543e+00
 10802.6  1.16033e+00
 10803.2  1.26324e+00
 10803.9  1.31413e+00
 10804.5  1.23738e+00
 10805.1  1.22659e+00
 10805.8  1.23253e+00
 10806.4  1.22457e+00
 10807.0  1.21578e+00
 10807.7  1.17266e+00
 10808.3  1.23293e+00
 10809.0  1.26369e+00
 10809.6  1.27210e+00
 10810.2  1.29178e+00
 10810.9  1.28260e+00
 10811.5  1.28562e+00
 10812.1  1.30466e+00
 10812.8  1.39245e+00
 10813.4  1.32786e+00
 10814.0  1.29039e+00
 10814.7  1.30375e+00
 10815.3  1.35943e+00
 10815.9  1.46686e+00
 10816.6  1.50391e+00
 10817.2  1.46190e+00
 10817.8  1.38873e+00
 10818.5  1.40129e+00
 10819.1  1.43526e+00
 10819.7  1.42823e+00
 10820.4  1.25364e+00
 10821.0  1.10096e+00
 10821.6  1.03913e+00
 10822.3  9.77607e-01
 10822.9  1.14141e+00
 10823.5  1.28571e+00
 10824.2  1.30011e+00
 10824.8  1.20148e+00
 10825.5  1.20187e+00
 10826.1  1.71064e+00
 10826.7  2.98614e+00
 10827.4  5.49487e+00
 10828.0  9.20902e+00
 10828.6  1.28211e+01
 10829.3  1.49807e+01
 10829.9  1.57993e+01
 10830.5  1.60866e+01
 10831.2  1.62800e+01
 10831.8  1.49003e+01
 10832.4  1.38254e+01
 10833.1  1.25787e+01
 10833.7  1.06251e+01
 10834.3  9.22643e+00
 10835.0  7.79559e+00
 10835.6  6.27384e+00
 10836.2  4.86345e+00
 10836.9  3.69979e+00
 10837.5  2.86377e+00
 10838.1  2.38569e+00
 10838.8  2.05536e+00
 10839.4  1.84356e+00
 10840.0  1.65075e+00
 10840.7  1.54074e+00
 10841.3  1.49718e+00
 10842.0  1.46936e+00
 10842.6  1.51492e+00
 10843.2  1.45123e+00
 10843.9  1.41868e+00
 10844.5  1.52438e+00
 10845.1  1.47914e+00
 10845.8  1.44137e+00
 10846.4  1.34826e+00
 10847.0  1.31355e+00
 10847.7  1.38950e+00
 10848.3  1.38106e+00
 10848.9  1.36592e+00
 10849.6  1.41997e+00
 10850.2  1.35613e+00
 10850.8  1.45219e+00
 10851.5  1.49077e+00
 10852.1  1.41856e+00
 10852.7  1.32196e+00
 10853.4  1.32740e+00
 10854.0  1.34424e+00
 10854.6  1.23915e+00
 10855.3  1.21875e+00
 10855.9  1.28425e+00
 10856.5  1.27675e+00
 10857.2  1.27960e+00
 10857.8  1.34462e+00
 10858.4  1.44897e+00
 10859.1  1.49181e+00
 10859.7  1.55690e+00
 10860.4  1.73474e+00
 10861.0  1.76016e+00
 10861.6  1.67611e+00
 10862.3  1.59800e+00
 10862.9  1.56629e+00
 10863.5  1.62338e+00
 10864.2  1.68252e+00
 10864.8  1.71950e+00
 10865.4  1.69202e+00
 10866.1  1.65893e+00
 10866.7  1.57595e+00
 10867.3  1.43323e+00
 10868.0  1.32232e+00
 10868.6  1.27038e+00
 10869.2  1.17535e+00
 10869.9  1.24154e+00
 10870.5  1.26498e+00
 10871.1  1.18120e+00
 10871.8  1.21099e+00
 10872.4  1.23968e+00
 10873.0  1.36852e+00
 10873.7  1.37287e+00
 10874.3  1.31989e+00
 10874.9  1.19864e+00
 10875.6  1.17236e+00
 10876.2  1.11180e+00
 10876.9  1.03990e+00
 10877.5  1.08272e+00
 10878.1  1.07021e+00
 10878.8  1.08241e+00
 10879.4  1.05770e+00
 10880.0  1.08314e+00
 10880.7  1.14378e+00
 10881.3  1.11971e+00
 10881.9  1.03718e+00
 10882.6  1.08229e+00
 10883.2  1.13276e+00
 10883.8  1.13746e+00
 10884.5  1.09460e+00
 10885.1  1.09434e+00
 10885.7  1.12209e+00
 10886.4  1.15628e+00
 10887.0  1.19500e+00
 10887.6  1.12800e+00
 10888.3  1.03638e+00
 10888.9  9.85950e-01
 10889.5  1.04382e+00
 10890.2  1.03728e+00
 10890.8  1.03056e+00
 10891.4  1.15049e+00
 10892.1  1.06968e+00
 10892.7  9.93009e-01
 10893.4  1.08111e+00
 10894.0  1.08221e+00
 10894.6  1.08518e+00
 10895.3  1.12513e+00
 10895.9  1.17000e+00
 10896.5  1.13073e+00
 10897.2  1.03633e+00
 10897.8  9.97256e-01
 10898.4  9.36793e-01
 10899.1  9.08731e-01
 10899.7  1.01247e+00
 10900.3  9.83534e-01
 10901.0  9.41031e-01
 10901.6  9.90618e-01
 10902.2  1.03415e+00
 10902.9  1.08404e+00
 10903.5  1.02484e+00
 10904.1  1.02528e+00
 10904.8  1.09667e+00
 10905.4  1.14958e+00
 10906.0  1.11737e+00
 10906.7  1.08225e+00
 10907.3  1.10019e+00
 10907.9  1.07287e+00
 10908.6  1.09964e+00
 10909.2  1.24048e+00
 10909.8  1.39979e+00
 10910.5  1.51887e+00
 10911.1  1.69660e+00
 10911.8  1.90971e+00
 10912.4  2.06195e+00
 10913.0  2.11791e+00
 10913.7  2.20661e+00
 10914.3  2.26023e+00
 10914.9  2.27706e+00
 10915.6  2.23347e+00
 10916.2  2.22103e+00
 10916.8  2.09397e+00
 10917.5  2.01770e+00
 10918.1  1.93295e+00
 10918.7  1.72433e+00
 10919.4  1.58379e+00
 10920.0  1.44583e+00
 10920.6  1.32663e+00
 10921.3  1.31918e+00
 10921.9  1.24540e+00
 10922.5  1.11195e+00
 10923.2  1.07708e+00
 10923.8  1.11238e+00
 10924.4  1.08546e+00
 10925.1  9.97183e-01
 10925.7  1.03734e+00
 10926.3  1.08773e+00
 10927.0  1.05595e+00
 10927.6  1.08734e+00
 10928.3  1.09449e+00
 10928.9  1.09992e+00
 10929.5  1.13250e+00
 10930.2  1.10589e+00
 10930.8  1.09442e+00
 10931.4  1.15387e+00
 10932.1  1.35678e+00
 10932.7  1.56964e+00
 10933.3  1.88813e+00
 10934.0  2.46327e+00
 10934.6  3.35422e+00
 10935.2  4.46160e+00
 10935.9  5.57819e+00
 10936.5  6.20494e+00
 10937.1  6.37971e+00
 10937.8  6.18746e+00
 10938.4  6.09254e+00
 10939.0  5.88558e+00
 10939.7  5.44758e+00
 10940.3  5.17106e+00
 10940.9  4.94332e+00
 10941.6  4.31054e+00
 10942.2  3.57796e+00
 10942.8  2.86624e+00
 10943.5  2.26212e+00
 10944.1  1.66566e+00
 10944.8  1.31234e+00
 10945.4  1.23921e+00
 10946.0  1.25427e+00
 10946.7  1.27446e+00
 10947.3  1.31650e+00
 10947.9  1.33464e+00
 10948.6  1.44030e+00
 10949.2  1.43133e+00
 10949.8  1.48357e+00
 10950.5  1.67149e+00
 10951.1  1.71417e+00
 10951.7  1.76109e+00
 10952.4  1.63970e+00
 10953.0  1.56746e+00
 10953.6  1.56909e+00
 10954.3  1.37971e+00
 10954.9  1.25216e+00
 10955.5  1.17843e+00
 10956.2  1.19439e+00
 10956.8  1.13979e+00
 10957.4  1.09369e+00
 10958.1  1.07111e+00
 10958.7  1.15123e+00
 10959.3  1.22490e+00
 10960.0  1.00401e+00
 10960.6  9.13371e-01
 10961.2  9.30301e-01
 10961.9  9.46766e-01
 10962.5  9.59386e-01
 10963.2  1.05496e+00
 10963.8  1.05983e+00
 10964.4  1.05504e+00
 10965.1  1.08005e+00
 10965.7  9.55788e-01
 10966.3  1.05905e+00
 10967.0  1.06764e+00
 10967.6  9.53224e-01
 10968.2  9.31278e-01
 10968.9  8.87022e-01
 10969.5  9.56788e-01
 10970.1  9.64144e-01
 10970.8  9.98799e-01
 10971.4  1.04151e+00
 10972.0  1.02396e+00
 10972.7  9.43094e-01
 10973.3  9.33732e-01
 10973.9  9.72905e-01
 10974.6  1.05902e+00
 10975.2  9.98181e-01
 10975.8  9.00552e-01
 10976.5  1.07068e+00
 10977.1  1.07269e+00
 10977.7  9.81917e-01
 10978.4  8.91299e-01
 10979.0  7.99954e-01
 10979.7  8.38938e-01
 10980.3  9.90373e-01
 10980.9  9.49288e-01
 10981.6  8.93441e-01
 10982.2  1.06256e+00
 10982.8  1.05668e+00
 10983.5  1.03726e+00
 10984.1  1.09899e+00
 10984.7  9.92360e-01
 10985.4  8.80154e-01
 10986.0  9.62234e-01
 10986.6  1.01458e+00
 10987.3  8.87510e-01
 10987.9  9.15944e-01
 10988.5  9.66754e-01
 10989.2  9.66369e-01
 10989.8  9.93413e-01
 10990.4  1.13298e+00
 10991.1  1.14576e+00
 10991.7  9.12305e-01
 10992.3  1.01269e+00
 10993.0  9.38314e-01
 10993.6  5.48912e-01
 10994.2  5.82082e-01
 10994.9  7.59174e-01
 10995.5  9.06866e-01
 10996.2  9.79459e-01
 10996.8  9.12328e-01
 10997.4  9.16318e-01
 10998.1  9.64514e-01
 10998.7  9.72555e-01
 10999.3  9.21405e-01
 11000.0  9.03251e-01
 11000.6  1.04740e+00
 11001.2  1.09558e+00
 11001.9  9.89554e-01
 11002.5  6.31543e-01
 11003.1  6.65685e-01
 11003.8  7.66442e-01
 11004.4  7.80710e-01
 11005.0  9.39464e-01
 11005.7  1.03505e+00
 11006.3  1.18270e+00
 11006.9  1.01744e+00
 11007.6  8.60683e-01
 11008.2  9.39793e-01
 11008.8  1.10388e+00
 11009.5  1.20433e+00
 11010.1  9.26845e-01
 11010.7  9.05578e-01
 11011.4  1.01377e+00
 11012.0  8.69255e-01
 11012.6  8.63387e-01
 11013.3  1.12267e+00
 11013.9  1.14492e+00
 11014.6  1.13785e+00
 11015.2  1.24892e+00
 11015.8  1.28100e+00
 11016.5  9.94537e-01
 11017.1  7.83945e-01
 11017.7  7.74882e-01
 11018.4  8.46989e-01
 11019.0  8.62335e-01
 11019.6  8.38379e-01
 11020.3  8.81657e-01
 11020.9  8.35210e-01
 11021.5  6.56072e-01
 11022.2  5.55595e-01
 11022.8  4.71602e-01
 11023.4  8.43375e-01
 11024.1  8.32165e-01
 11024.7  9.31264e-01
 11025.3  9.02512e-01
 11026.0  8.24334e-01
 11026.6  1.01526e+00
 11027.2  1.14827e+00
 11027.9  1.15813e+00
 11028.5  1.12308e+00
 11029.1  9.62588e-01
 11029.8  8.42905e-01
 11030.4  7.87733e-01
 11031.1  8.58410e-01
 11031.7  1.13419e+00
 11032.3  1.11754e+00
 11033.0  1.07252e+00
 11033.6  1.09148e+00
 11034.2  9.99059e-01
 11034.9  7.75814e-01
 11035.5  5.88015e-01
 11036.1  8.39439e-01
 11036.8  9.92250e-01
 11037.4  7.25471e-01
 11038.0  1.04254e+00
 11038.7  1.09376e+00
 11039.3  8.75816e-01
 11039.9  6.88109e-01
 11040.6  4.52538e-01
 11041.2  7.25449e-01
 11041.8  9.09892e-01
 11042.5  1.06291e+00
 11043.1  9.20219e-01
 11043.7  7.72806e-01
 11044.4  9.01608e-01
 11045.0  1.21058e+00
 11045.6  1.19662e+00
 11046.3  1.31737e+00
 11046.9  1.07099e+00
 11047.6  7.92212e-01
 11048.2  9.36257e-01
 11048.8  1.05561e+00
 11049.5  1.07825e+00
 11050.1  9.20431e-01
 11050.7  9.85886e-01
 11051.4  1.28894e+00
 11052.0  1.81633e+00
 11052.6  1.29031e+00
 11053.3  5.77744e-01
 11053.9  7.56387e-01
 11054.5  7.38252e-01
 11055.2  9.92227e-01
 11055.8  1.09271e+00
 11056.4  9.32790e-01
 11057.1  6.20968e-01
 11057.7  5.29259e-01
 11058.3  4.79342e-01
 11059.0  6.32637e-01
 11059.6  8.39664e-01
 11060.2  5.21144e-01
 11060.9  1.15797e+00
 11061.5  1.14131e+00
 11062.1  4.96770e-01
 11062.8  8.62681e-01
 11063.4  5.49798e-01
 11064.0  1.27666e+00
 11064.7  1.31810e+00
 11065.3  7.32454e-01
 11066.0  9.85959e-01
 11066.6  6.05318e-01
 11067.2  3.14414e-01
 11067.9  6.75436e-01
 11068.5  8.33711e-01
 11069.1  1.07454e+00
 11069.8  4.55298e-01
 11070.4  4.45672e-01
 11071.0  5.07021e-01
 11071.7  7.24480e-01
 11072.3  1.04569e+00
 11072.9  1.25529e+00
 11073.6  1.22841e+00
 11074.2  9.91153e-01
 11074.8  1.10103e+00
 11075.5  1.04004e+00
 11076.1  6.02785e-01
 11076.7  1.67337e-01
 11077.4  -2.50943e-01
 11078.0  1.33702e-01
 11078.6  4.13874e-01
 11079.3  2.17929e-01
 11079.9  8.40158e-01
 11080.5  1.45695e+00
 11081.2  1.07958e+00
 11081.8  1.26616e-01
 11082.5  7.40971e-01
 11083.1  1.78160e+00
 11083.7  1.37268e+00
 11084.4  5.00823e-01
 11085.0  -5.78445e-01
 11085.6  -4.84601e-01
 11086.3  -4.01606e-01
 11086.9  3.18434e-01
 11087.5  7.62167e-01
 11088.2  7.87932e-01
 11088.8  1.64099e-01
 11089.4  1.23880e+00
 11090.1  2.24129e+00
 11090.7  1.50523e+00
 11091.3  8.56903e-01
 11092.0  2.02828e+00
 11092.6  1.44258e+00
 11093.2  4.23615e-01
 11093.9  -2.09126e-01
 11094.5  6.04682e-02
 11095.1  5.18596e-01
 11095.8  4.26021e-01
 11096.4  -1.65772e-01
 11097.0  2.62881e-02
 11097.7  -1.59570e-03
 11098.3  -2.37673e-01
 11099.0  1.11591e-01
 11099.6  5.14823e-01
 11100.2  9.31763e-01
 11100.9  9.55865e-01
 11101.5  2.62434e+00
 11102.1  -3.47551e-01
 11102.8  -1.97886e+00
 11103.4  3.68256e+00
 11104.0  2.89298e+00
 11104.7  1.38954e+00
 11105.3  -1.32363e-01
 11105.9  -2.22082e+00
 11106.6  7.65316e-01
 11107.2  6.50136e-01
 11107.8  2.07247e+00
 11108.5  8.08966e-01
 11109.1  -2.64532e+00
 11109.7  -2.07500e+00
 11110.4  9.99153e-01
 11111.0  1.85595e+00
 11111.6  -4.93104e+00
 11112.3  -7.88509e+00
 11112.9  -5.84745e+00
 11113.5  -6.76520e-01
 11114.2  2.66057e+00
 11114.8  5.20568e+00
 11115.4  4.62433e+00
 11116.1  3.83082e+00
 11116.7  1.00148e+00
 11117.4  8.37815e+00
 11118.0  3.92740e+00
 11118.6  6.74251e+00
 11119.3  3.49626e+00
 11119.9  -1.43295e+00
 11120.5  -2.34520e-01
 11121.2  -1.18843e+01