#\*l[\oA]	F(\*l)
 10431.7  9.22387e-01
 10432.4  9.21325e-01
 10433.0  9.27074e-01
 10433.6  9.33651e-01
 10434.3  9.44049e-01
 10434.9  9.38452e-01
 10435.5  9.55488e-01
 10436.2  9.53602e-01
 10436.8  9.47538e-01
 10437.4  9.49325e-01
 10438.1  9.43075e-01
 10438.7  9.47701e-01
 10439.3  9.40195e-01
 10440.0  9.34438e-01
 10440.6  9.36160e-01
 10441.2  9.41995e-01
 10441.9  9.37095e-01
 10442.5  9.50272e-01
 10443.1  9.52691e-01
 10443.8  9.50878e-01
 10444.4  9.56510e-01
 10445.0  9.60328e-01
 10445.7  9.62938e-01
 10446.3  9.55434e-01
 10446.9  9.55642e-01
 10447.6  9.62391e-01
 10448.2  9.78711e-01
 10448.8  9.75788e-01
 10449.5  9.69468e-01
 10450.1  9.68289e-01
 10450.7  9.75449e-01
 10451.4  9.85157e-01
 10452.0  1.00162e+00
 10452.7  1.01055e+00
 10453.3  1.00822e+00
 10453.9  9.89214e-01
 10454.6  1.01311e+00
 10455.2  1.02125e+00
 10455.8  1.02994e+00
 10456.5  1.02833e+00
 10457.1  1.01925e+00
 10457.7  1.02158e+00
 10458.4  1.01967e+00
 10459.0  1.01231e+00
 10459.6  1.01184e+00
 10460.3  1.01715e+00
 10460.9  1.01581e+00
 10461.5  1.01214e+00
 10462.2  1.00423e+00
 10462.8  1.00175e+00
 10463.4  9.94894e-01
 10464.1  9.87116e-01
 10464.7  9.83487e-01
 10465.3  9.81656e-01
 10466.0  9.83901e-01
 10466.6  9.86406e-01
 10467.2  9.87938e-01
 10467.9  9.93387e-01
 10468.5  9.93380e-01
 10469.1  9.80405e-01
 10469.8  9.82756e-01
 10470.4  9.89912e-01
 10471.0  9.97629e-01
 10471.7  1.00052e+00
 10472.3  9.97430e-01
 10472.9  9.89922e-01
 10473.6  9.84982e-01
 10474.2  9.77938e-01
 10474.8  9.84825e-01
 10475.5  9.81240e-01
 10476.1  9.81443e-01
 10476.8  9.86041e-01
 10477.4  9.84624e-01
 10478.0  9.68743e-01
 10478.7  9.77003e-01
 10479.3  9.77286e-01
 10479.9  9.99036e-01
 10480.6  9.85818e-01
 10481.2  9.74815e-01
 10481.8  9.80084e-01
 10482.5  9.85422e-01
 10483.1  9.80442e-01
 10483.7  9.88816e-01
 10484.4  9.95973e-01
 10485.0  9.98195e-01
 10485.6  1.00259e+00
 10486.3  1.00788e+00
 10486.9  1.01318e+00
 10487.5  1.01445e+00
 10488.2  1.02135e+00
 10488.8  1.02466e+00
 10489.4  1.03274e+00
 10490.1  1.03366e+00
 10490.7  1.03589e+00
 10491.3  1.03700e+00
 10492.0  1.03325e+00
 10492.6  1.01908e+00
 10493.2  1.00994e+00
 10493.9  1.00106e+00
 10494.5  9.99801e-01
 10495.1  9.91043e-01
 10495.8  1.00132e+00
 10496.4  1.00962e+00
 10497.0  1.02533e+00
 10497.7  1.07286e+00
 10498.3  1.12742e+00
 10499.0  1.17745e+00
 10499.6  1.21993e+00
 10500.2  1.26779e+00
 10500.9  1.29190e+00
 10501.5  1.33777e+00
 10502.1  1.38921e+00
 10502.8  1.37002e+00
 10503.4  1.23520e+00
 10504.0  1.11296e+00
 10504.7  1.06263e+00
 10505.3  1.03027e+00
 10505.9  1.00969e+00
 10506.6  9.93137e-01
 10507.2  9.87324e-01
 10507.8  9.94521e-01
 10508.5  1.00091e+00
 10509.1  1.00638e+00
 10509.7  1.01089e+00
 10510.4  1.01056e+00
 10511.0  1.00299e+00
 10511.6  9.94552e-01
 10512.3  9.97885e-01
 10512.9  1.00200e+00
 10513.5  1.00243e+00
 10514.2  9.97490e-01
 10514.8  9.90157e-01
 10515.4  9.91311e-01
 10516.1  9.92203e-01
 10516.7  9.97055e-01
 10517.3  9.93541e-01
 10518.0  1.00133e+00
 10518.6  9.96254e-01
 10519.2  9.99148e-01
 10519.9  1.00472e+00
 10520.5  1.00564e+00
 10521.2  1.01063e+00
 10521.8  1.01182e+00
 10522.4  1.01543e+00
 10523.1  1.02487e+00
 10523.7  1.03549e+00
 10524.3  1.03572e+00
 10525.0  1.04338e+00
 10525.6  1.05223e+00
 10526.2  1.05823e+00
 10526.9  1.05078e+00
 10527.5  1.02203e+00
 10528.1  1.00134e+00
 10528.8  9.99288e-01
 10529.4  9.98362e-01
 10530.0  9.96197e-01
 10530.7  9.93450e-01
 10531.3  9.98822e-01
 10531.9  1.01273e+00
 10532.6  1.00655e+00
 10533.2  9.95503e-01
 10533.8  9.98318e-01
 10534.5  1.00222e+00
 10535.1  1.00608e+00
 10535.7  1.00869e+00
 10536.4  9.99889e-01
 10537.0  1.00420e+00
 10537.6  1.01084e+00
 10538.3  1.00301e+00
 10538.9  1.00040e+00
 10539.5  1.00291e+00
 10540.2  9.98441e-01
 10540.8  9.99046e-01
 10541.4  1.00946e+00
 10542.1  1.01469e+00
 10542.7  1.01841e+00
 10543.3  1.02231e+00
 10544.0  1.01969e+00
 10544.6  1.01395e+00
 10545.3  1.01435e+00
 10545.9  1.01837e+00
 10546.5  1.02177e+00
 10547.2  1.02073e+00
 10547.8  1.00964e+00
 10548.4  1.00673e+00
 10549.1  1.00789e+00
 10549.7  1.00685e+00
 10550.3  1.00617e+00
 10551.0  1.00342e+00
 10551.6  1.00136e+00
 10552.2  1.00563e+00
 10552.9  1.00466e+00
 10553.5  1.00739e+00
 10554.1  1.00645e+00
 10554.8  1.00346e+00
 10555.4  1.00190e+00
 10556.0  9.90926e-01
 10556.7  9.84335e-01
 10557.3  9.89192e-01
 10557.9  9.90924e-01
 10558.6  9.97842e-01
 10559.2  9.99318e-01
 10559.8  9.95136e-01
 10560.5  9.90657e-01
 10561.1  1.00181e+00
 10561.7  1.00345e+00
 10562.4  9.91280e-01
 10563.0  9.85197e-01
 10563.6  9.92299e-01
 10564.3  9.97749e-01
 10564.9  9.93183e-01
 10565.5  1.00039e+00
 10566.2  9.96060e-01
 10566.8  9.79854e-01
 10567.5  9.83054e-01
 10568.1  9.92063e-01
 10568.7  9.88637e-01
 10569.4  9.89283e-01
 10570.0  9.96803e-01
 10570.6  1.00143e+00
 10571.3  9.95738e-01
 10571.9  9.92563e-01
 10572.5  9.90110e-01
 10573.2  9.89209e-01
 10573.8  9.89680e-01
 10574.4  9.87246e-01
 10575.1  9.90030e-01
 10575.7  9.83405e-01
 10576.3  9.83968e-01
 10577.0  9.98243e-01
 10577.6  1.00144e+00
 10578.2  1.00335e+00
 10578.9  9.97880e-01
 10579.5  9.95628e-01
 10580.1  9.99253e-01
 10580.8  1.00388e+00
 10581.4  1.01662e+00
 10582.0  1.01409e+00
 10582.7  1.00296e+00
 10583.3  9.96812e-01
 10583.9  9.97136e-01
 10584.6  1.00419e+00
 10585.2  1.00692e+00
 10585.8  1.00452e+00
 10586.5  1.00791e+00
 10587.1  1.00812e+00
 10587.7  1.00104e+00
 10588.4  1.00176e+00
 10589.0  9.93533e-01
 10589.7  9.91409e-01
 10590.3  9.94894e-01
 10590.9  9.88266e-01
 10591.6  9.77450e-01
 10592.2  9.81825e-01
 10592.8  9.82433e-01
 10593.5  9.78326e-01
 10594.1  9.86404e-01
 10594.7  9.88730e-01
 10595.4  9.84624e-01
 10596.0  9.83667e-01
 10596.6  9.86552e-01
 10597.3  9.93695e-01
 10597.9  1.00701e+00
 10598.5  1.01156e+00
 10599.2  1.01203e+00
 10599.8  1.00702e+00
 10600.4  1.00281e+00
 10601.1  9.98411e-01
 10601.7  9.96204e-01
 10602.3  9.92321e-01
 10603.0  9.92033e-01
 10603.6  1.00060e+00
 10604.2  1.00316e+00
 10604.9  1.00725e+00
 10605.5  1.00570e+00
 10606.1  1.00246e+00
 10606.8  9.95292e-01
 10607.4  9.94043e-01
 10608.0  9.87885e-01
 10608.7  9.84934e-01
 10609.3  9.91631e-01
 10609.9  1.00109e+00
 10610.6  9.98525e-01
 10611.2  9.84091e-01
 10611.8  9.84885e-01
 10612.5  9.86457e-01
 10613.1  9.87555e-01
 10613.8  9.89586e-01
 10614.4  9.90310e-01
 10615.0  9.85655e-01
 10615.7  9.91065e-01
 10616.3  1.00087e+00
 10616.9  9.95327e-01
 10617.6  9.80878e-01
 10618.2  9.89557e-01
 10618.8  9.99849e-01
 10619.5  1.00200e+00
 10620.1  1.00537e+00
 10620.7  1.00563e+00
 10621.4  9.99032e-01
 10622.0  1.00289e+00
 10622.6  1.00649e+00
 10623.3  1.00790e+00
 10623.9  1.00371e+00
 10624.5  9.98340e-01
 10625.2  9.94765e-01
 10625.8  9.93377e-01
 10626.4  9.95128e-01
 10627.1  1.00267e+00
 10627.7  9.89190e-01
 10628.3  9.86239e-01
 10629.0  9.98989e-01
 10629.6  9.94168e-01
 10630.2  9.91200e-01
 10630.9  1.00123e+00
 10631.5  1.00705e+00
 10632.1  1.02083e+00
 10632.8  1.00845e+00
 10633.4  9.93814e-01
 10634.0  9.98344e-01
 10634.7  1.00108e+00
 10635.3  9.97313e-01
 10636.0  9.89986e-01
 10636.6  9.86920e-01
 10637.2  9.93407e-01
 10637.9  1.00879e+00
 10638.5  1.00992e+00
 10639.1  1.00322e+00
 10639.8  1.00007e+00
 10640.4  9.96382e-01
 10641.0  9.99302e-01
 10641.7  1.00134e+00
 10642.3  9.95967e-01
 10642.9  9.98007e-01
 10643.6  9.95526e-01
 10644.2  9.95942e-01
 10644.8  9.98856e-01
 10645.5  9.92433e-01
 10646.1  9.86054e-01
 10646.7  9.93909e-01
 10647.4  9.96926e-01
 10648.0  9.88624e-01
 10648.6  9.89213e-01
 10649.3  1.00161e+00
 10649.9  1.01346e+00
 10650.5  1.00429e+00
 10651.2  9.97782e-01
 10651.8  9.98269e-01
 10652.4  1.00435e+00
 10653.1  1.00524e+00
 10653.7  1.00276e+00
 10654.3  9.96487e-01
 10655.0  9.90658e-01
 10655.6  9.93482e-01
 10656.2  1.01557e+00
 10656.9  1.01882e+00
 10657.5  1.00878e+00
 10658.2  1.01519e+00
 10658.8  1.02227e+00
 10659.4  1.01810e+00
 10660.1  1.00053e+00
 10660.7  9.96156e-01
 10661.3  1.00111e+00
 10662.0  1.01111e+00
 10662.6  1.00762e+00
 10663.2  9.98340e-01
 10663.9  9.97235e-01
 10664.5  9.99936e-01
 10665.1  9.89873e-01
 10665.8  9.86214e-01
 10666.4  9.84931e-01
 10667.0  9.83950e-01
 10667.7  9.93000e-01
 10668.3  9.92828e-01
 10668.9  9.95034e-01
 10669.6  9.96594e-01
 10670.2  9.98824e-01
 10670.8  9.98102e-01
 10671.5  9.95314e-01
 10672.1  9.94694e-01
 10672.7  9.97880e-01
 10673.4  9.98224e-01
 10674.0  9.92740e-01
 10674.6  9.99657e-01
 10675.3  1.00923e+00
 10675.9  1.00174e+00
 10676.5  1.00136e+00
 10677.2  1.00721e+00
 10677.8  1.02315e+00
 10678.4  1.05137e+00
 10679.1  1.07898e+00
 10679.7  1.08939e+00
 10680.3  1.08622e+00
 10681.0  1.09532e+00
 10681.6  1.10832e+00
 10682.3  1.10625e+00
 10682.9  1.09824e+00
 10683.5  1.10307e+00
 10684.2  1.10770e+00
 10684.8  1.10983e+00
 10685.4  1.12742e+00
 10686.1  1.15024e+00
 10686.7  1.17525e+00
 10687.3  1.20063e+00
 10688.0  1.20702e+00
 10688.6  1.18639e+00
 10689.2  1.15238e+00
 10689.9  1.11996e+00
 10690.5  1.10730e+00
 10691.1  1.10500e+00
 10691.8  1.10891e+00
 10692.4  1.13658e+00
 10693.0  1.14934e+00
 10693.7  1.13671e+00
 10694.3  1.11901e+00
 10694.9  1.07740e+00
 10695.6  1.02869e+00
 10696.2  1.00594e+00
 10696.8  1.00434e+00
 10697.5  1.00395e+00
 10698.1  9.87703e-01
 10698.7  9.73792e-01
 10699.4  9.73238e-01
 10700.0  9.82558e-01
 10700.6  9.88229e-01
 10701.3  9.86359e-01
 10701.9  1.00442e+00
 10702.5  1.02230e+00
 10703.2  1.03785e+00
 10703.8  1.04724e+00
 10704.5  1.03897e+00
 10705.1  1.03151e+00
 10705.7  1.02864e+00
 10706.4  1.02332e+00
 10707.0  1.02943e+00
 10707.6  1.04094e+00
 10708.3  1.04206e+00
 10708.9  1.04519e+00
 10709.5  1.05626e+00
 10710.2  1.06448e+00
 10710.8  1.05245e+00
 10711.4  1.02610e+00
 10712.1  1.00942e+00
 10712.7  1.00383e+00
 10713.3  1.00191e+00
 10714.0  9.98114e-01
 10714.6  1.00567e+00
 10715.2  1.00437e+00
 10715.9  9.84323e-01
 10716.5  9.80635e-01
 10717.1  9.86816e-01
 10717.8  9.87291e-01
 10718.4  9.83350e-01
 10719.0  9.90647e-01
 10719.7  9.89840e-01
 10720.3  9.75843e-01
 10720.9  9.78268e-01
 10721.6  9.90079e-01
 10722.2  9.88786e-01
 10722.8  9.82671e-01
 10723.5  9.90418e-01
 10724.1  1.00392e+00
 10724.7  1.01911e+00
 10725.4  1.04511e+00
 10726.0  1.05427e+00
 10726.7  1.04410e+00
 10727.3  1.04367e+00
 10727.9  1.04663e+00
 10728.6  1.05043e+00
 10729.2  1.05872e+00
 10729.8  1.05458e+00
 10730.5  1.04672e+00
 10731.1  1.04682e+00
 10731.7  1.05567e+00
 10732.4  1.05880e+00
 10733.0  1.04055e+00
 10733.6  1.02657e+00
 10734.3  1.01740e+00
 10734.9  1.00302e+00
 10735.5  9.99742e-01
 10736.2  1.00293e+00
 10736.8  1.00305e+00
 10737.4  9.92594e-01
 10738.1  9.98344e-01
 10738.7  1.00507e+00
 10739.3  1.00153e+00
 10740.0  1.00071e+00
 10740.6  1.00245e+00
 10741.2  9.99575e-01
 10741.9  9.90178e-01
 10742.5  9.95113e-01
 10743.1  1.00795e+00
 10743.8  1.01099e+00
 10744.4  1.01293e+00
 10745.0  1.00531e+00
 10745.7  1.00854e+00
 10746.3  1.00739e+00
 10746.9  1.00446e+00
 10747.6  9.99189e-01
 10748.2  1.00872e+00
 10748.8  1.01848e+00
 10749.5  1.04035e+00
 10750.1  1.06333e+00
 10750.8  1.06283e+00
 10751.4  1.04188e+00
 10752.0  1.03405e+00
 10752.7  1.03109e+00
 10753.3  1.01967e+00
 10753.9  1.02369e+00
 10754.6  1.03213e+00
 10755.2  1.02213e+00
 10755.8  1.01687e+00
 10756.5  1.02374e+00
 10757.1  1.01934e+00
 10757.7  1.01165e+00
 10758.4  1.00721e+00
 10759.0  1.01137e+00
 10759.6  1.00180e+00
 10760.3  9.96882e-01
 10760.9  1.00375e+00
 10761.5  9.95323e-01
 10762.2  9.96816e-01
 10762.8  9.99541e-01
 10763.4  9.93561e-01
 10764.1  9.95960e-01
 10764.7  9.90079e-01
 10765.3  9.79918e-01
 10766.0  9.81645e-01
 10766.6  9.90100e-01
 10767.2  9.92347e-01
 10767.9  9.99136e-01
 10768.5  9.96347e-01
 10769.1  9.93287e-01
 10769.8  9.99059e-01
 10770.4  9.96425e-01
 10771.0  9.98516e-01
 10771.7  9.95021e-01
 10772.3  9.90665e-01
 10773.0  1.00610e+00
 10773.6  1.00396e+00
 10774.2  9.91117e-01
 10774.9  9.82674e-01
 10775.5  9.93633e-01
 10776.1  9.96438e-01
 10776.8  9.75391e-01
 10777.4  9.75590e-01
 10778.0  9.93052e-01
 10778.7  9.89349e-01
 10779.3  9.82759e-01
 10779.9  9.74726e-01
 10780.6  9.78541e-01
 10781.2  9.93606e-01
 10781.8  9.96446e-01
 10782.5  1.00057e+00
 10783.1  1.01041e+00
 10783.7  9.98982e-01
 10784.4  9.87643e-01
 10785.0  9.93270e-01
 10785.6  9.93346e-01
 10786.3  9.99487e-01
 10786.9  9.98456e-01
 10787.5  1.00583e+00
 10788.2  1.01273e+00
 10788.8  1.00558e+00
 10789.4  9.90317e-01
 10790.1  9.86772e-01
 10790.7  9.95640e-01
 10791.3  9.87824e-01
 10792.0  9.87881e-01
 10792.6  9.82677e-01
 10793.2  9.78292e-01
 10793.9  9.98740e-01
 10794.5  1.01087e+00
 10795.2  1.00552e+00
 10795.8  9.82170e-01
 10796.4  9.80329e-01
 10797.1  9.82813e-01
 10797.7  9.95536e-01
 10798.3  1.00318e+00
 10799.0  1.00561e+00
 10799.6  1.00245e+00
 10800.2  9.79955e-01
 10800.9  9.88199e-01
 10801.5  9.91989e-01
 10802.1  9.91192e-01
 10802.8  9.86113e-01
 10803.4  9.91790e-01
 10804.0  9.96766e-01
 10804.7  9.98921e-01
 10805.3  9.98005e-01
 10805.9  9.93019e-01
 10806.6  9.93802e-01
 10807.2  1.01093e+00
 10807.8  1.01578e+00
 10808.5  1.01181e+00
 10809.1  1.00772e+00
 10809.7  1.00288e+00
 10810.4  1.01002e+00
 10811.0  1.02069e+00
 10811.6  1.04809e+00
 10812.3  1.03393e+00
 10812.9  1.00887e+00
 10813.5  1.00663e+00
 10814.2  1.00205e+00
 10814.8  1.01091e+00
 10815.4  1.00710e+00
 10816.1  9.99524e-01
 10816.7  9.98877e-01
 10817.3  1.00077e+00
 10818.0  9.97674e-01
 10818.6  9.90839e-01
 10819.3  9.86969e-01
 10819.9  9.88535e-01
 10820.5  9.91667e-01
 10821.2  1.00748e+00
 10821.8  1.02094e+00
 10822.4  1.02276e+00
 10823.1  1.02428e+00
 10823.7  1.03189e+00
 10824.3  1.05066e+00
 10825.0  1.07376e+00
 10825.6  1.08849e+00
 10826.2  1.10402e+00
 10826.9  1.13720e+00
 10827.5  1.16655e+00
 10828.1  1.16343e+00
 10828.8  1.15755e+00
 10829.4  1.18733e+00
 10830.0  1.20525e+00
 10830.7  1.21258e+00
 10831.3  1.21458e+00
 10831.9  1.16362e+00
 10832.6  1.10021e+00
 10833.2  1.07719e+00
 10833.8  1.05467e+00
 10834.5  1.02594e+00
 10835.1  1.01549e+00
 10835.7  1.01656e+00
 10836.4  1.00597e+00
 10837.0  9.91154e-01
 10837.6  9.93130e-01
 10838.3  9.86191e-01
 10838.9  9.93227e-01
 10839.5  9.95115e-01
 10840.2  1.00579e+00
 10840.8  1.00254e+00
 10841.5  9.95080e-01
 10842.1  1.00629e+00
 10842.7  1.00961e+00
 10843.4  1.00373e+00
 10844.0  1.00215e+00
 10844.6  1.00426e+00
 10845.3  9.95560e-01
 10845.9  9.99883e-01
 10846.5  1.00485e+00
 10847.2  1.00196e+00
 10847.8  1.00225e+00
 10848.4  1.00384e+00
 10849.1  1.00709e+00
 10849.7  1.00591e+00
 10850.3  1.00831e+00
 10851.0  1.00108e+00
 10851.6  1.00816e+00
 10852.2  1.00447e+00
 10852.9  9.95005e-01
 10853.5  9.86600e-01
 10854.1  9.92907e-01
 10854.8  1.00545e+00
 10855.4  1.00467e+00
 10856.0  1.00381e+00
 10856.7  1.01577e+00
 10857.3  1.02598e+00
 10857.9  1.03756e+00
 10858.6  1.07387e+00
 10859.2  1.15647e+00
 10859.8  1.21977e+00
 10860.5  1.21269e+00
 10861.1  1.25367e+00
 10861.7  1.28052e+00
 10862.4  1.31479e+00
 10863.0  1.40617e+00
 10863.7  1.41947e+00
 10864.3  1.30173e+00
 10864.9  1.18742e+00
 10865.6  1.11512e+00
 10866.2  1.07022e+00
 10866.8  1.04199e+00
 10867.5  1.03756e+00
 10868.1  1.03618e+00
 10868.7  1.04868e+00
 10869.4  1.05988e+00
 10870.0  1.07863e+00
 10870.6  1.07682e+00
 10871.3  1.06005e+00
 10871.9  1.06267e+00
 10872.5  1.08219e+00
 10873.2  1.06773e+00
 10873.8  1.03979e+00
 10874.4  1.02307e+00
 10875.1  1.01343e+00
 10875.7  1.00592e+00
 10876.3  9.95860e-01
 10877.0  9.97450e-01
 10877.6  1.00029e+00
 10878.2  9.97640e-01
 10878.9  1.00312e+00
 10879.5  1.01363e+00
 10880.1  1.01501e+00
 10880.8  1.00752e+00
 10881.4  1.01294e+00
 10882.0  1.00744e+00
 10882.7  9.95783e-01
 10883.3  1.00212e+00
 10883.9  1.00053e+00
 10884.6  9.91735e-01
 10885.2  9.98404e-01
 10885.8  1.00704e+00
 10886.5  9.91034e-01
 10887.1  9.86399e-01
 10887.8  1.00371e+00
 10888.4  1.02108e+00
 10889.0  1.00351e+00
 10889.7  9.97139e-01
 10890.3  9.89701e-01
 10890.9  9.89966e-01
 10891.6  9.96307e-01
 10892.2  1.00232e+00
 10892.8  9.90071e-01
 10893.5  9.93398e-01
 10894.1  9.86444e-01
 10894.7  9.72051e-01
 10895.4  9.81595e-01
 10896.0  9.78671e-01
 10896.6  9.73457e-01
 10897.3  9.77395e-01
 10897.9  9.90479e-01
 10898.5  9.93425e-01
 10899.2  9.82167e-01
 10899.8  9.94746e-01
 10900.4  1.01292e+00
 10901.1  1.00825e+00
 10901.7  9.80389e-01
 10902.3  9.80411e-01
 10903.0  9.93933e-01
 10903.6  9.95303e-01
 10904.2  9.83309e-01
 10904.9  9.77058e-01
 10905.5  9.79090e-01
 10906.1  9.64021e-01
 10906.8  9.61747e-01
 10907.4  9.61449e-01
 10908.0  9.64390e-01
 10908.7  9.78961e-01
 10909.3  9.92585e-01
 10910.0  1.02084e+00
 10910.6  1.04860e+00
 10911.2  1.04205e+00
 10911.9  1.03521e+00
 10912.5  1.03096e+00
 10913.1  1.03515e+00
 10913.8  1.05474e+00
 10914.4  1.12982e+00
 10915.0  1.19814e+00
 10915.7  1.14539e+00
 10916.3  1.07181e+00
 10916.9  1.03326e+00
 10917.6  1.01560e+00
 10918.2  9.94108e-01
 10918.8  9.75468e-01
 10919.5  9.71102e-01
 10920.1  9.62701e-01
 10920.7  9.54996e-01
 10921.4  9.62395e-01
 10922.0  9.77006e-01
 10922.6  9.90013e-01
 10923.3  9.60810e-01
 10923.9  9.86097e-01
 10924.5  1.00530e+00
 10925.2  9.91913e-01
 10925.8  9.85588e-01
 10926.4  9.81392e-01
 10927.1  9.78702e-01
 10927.7  9.85440e-01
 10928.3  9.84423e-01
 10929.0  9.95820e-01
 10929.6  1.00087e+00
 10930.2  1.01262e+00
 10930.9  1.03830e+00
 10931.5  1.02202e+00
 10932.2  1.00730e+00
 10932.8  1.03122e+00
 10933.4  1.08165e+00
 10934.1  1.18070e+00
 10934.7  1.36632e+00
 10935.3  1.67740e+00
 10936.0  1.99800e+00
 10936.6  2.25038e+00
 10937.2  2.41453e+00
 10937.9  2.80171e+00
 10938.5  3.23750e+00
 10939.1  2.90116e+00
 10939.8  2.09979e+00
 10940.4  1.43017e+00
 10941.0  1.13579e+00
 10941.7  1.04265e+00
 10942.3  9.74223e-01
 10942.9  9.37825e-01
 10943.6  9.27017e-01
 10944.2  9.35531e-01
 10944.8  9.11840e-01
 10945.5  9.28190e-01
 10946.1  9.96925e-01
 10946.7  1.01970e+00
 10947.4  1.00370e+00
 10948.0  1.01745e+00
 10948.6  1.02806e+00
 10949.3  1.02345e+00
 10949.9  1.03753e+00
 10950.5  1.03968e+00
 10951.2  1.05469e+00
 10951.8  1.09766e+00
 10952.4  1.15510e+00
 10953.1  1.10813e+00
 10953.7  1.08257e+00
 10954.3  1.07503e+00
 10955.0  1.05723e+00
 10955.6  1.06914e+00
 10956.3  1.04380e+00
 10956.9  1.05169e+00
 10957.5  1.02036e+00
 10958.2  1.00454e+00
 10958.8  1.00183e+00
 10959.4  1.01929e+00
 10960.1  1.00103e+00
 10960.7  1.00737e+00
 10961.3  9.91148e-01
 10962.0  9.87294e-01
 10962.6  9.87970e-01
 10963.2  9.83133e-01
 10963.9  9.80645e-01
 10964.5  9.84245e-01
 10965.1  9.75455e-01
 10965.8  9.86175e-01
 10966.4  9.86878e-01
 10967.0  9.71241e-01
 10967.7  9.69459e-01
 10968.3  9.84618e-01
 10968.9  9.80733e-01
 10969.6  9.74355e-01
 10970.2  9.63790e-01
 10970.8  9.56985e-01
 10971.5  9.73127e-01
 10972.1  9.72330e-01
 10972.7  9.76646e-01
 10973.4  9.70989e-01
 10974.0  9.68995e-01
 10974.6  9.77531e-01
 10975.3  1.00799e+00
 10975.9  1.01449e+00
 10976.5  1.01413e+00
 10977.2  9.93300e-01
 10977.8  9.86691e-01
 10978.5  1.00835e+00
 10979.1  1.00242e+00
 10979.7  1.00102e+00
 10980.4  9.93019e-01
 10981.0  9.90875e-01
 10981.6  9.92500e-01
 10982.3  9.90434e-01
 10982.9  9.98318e-01
 10983.5  1.00269e+00
 10984.2  9.89948e-01
 10984.8  9.79099e-01
 10985.4  1.00048e+00
 10986.1  9.95507e-01
 10986.7  1.00702e+00
 10987.3  9.96777e-01
 10988.0  1.00263e+00
 10988.6  9.75252e-01
 10989.2  9.98497e-01
 10989.9  9.93471e-01
 10990.5  9.78384e-01
 10991.1  1.00574e+00
 10991.8  1.01357e+00
 10992.4  9.94448e-01
 10993.0  1.00455e+00
 10993.7  1.02191e+00
 10994.3  9.72618e-01
 10994.9  9.91484e-01
 10995.6  9.96948e-01
 10996.2  1.01452e+00
 10996.8  9.74397e-01
 10997.5  9.88508e-01
 10998.1  9.98429e-01
 10998.7  9.92533e-01
 10999.4  9.82269e-01
 11000.0  9.76705e-01
 11000.7  9.80349e-01
 11001.3  9.89340e-01
 11001.9  1.01829e+00
 11002.6  1.01769e+00
 11003.2  1.00832e+00
 11003.8  9.97622e-01
 11004.5  9.84422e-01
 11005.1  9.72803e-01
 11005.7  9.84475e-01
 11006.4  1.02034e+00
 11007.0  1.01476e+00
 11007.6  9.78783e-01
 11008.3  9.89784e-01
 11008.9  1.00377e+00
 11009.5  9.89328e-01
 11010.2  9.99498e-01
 11010.8  9.89511e-01
 11011.4  9.88096e-01
 11012.1  1.00933e+00
 11012.7  1.01233e+00
 11013.3  1.03386e+00
 11014.0  1.01553e+00
 11014.6  1.01792e+00
 11015.2  1.02615e+00
 11015.9  1.01214e+00
 11016.5  1.02861e+00
 11017.1  1.02467e+00
 11017.8  1.03481e+00
 11018.4  1.02471e+00
 11019.0  1.03216e+00
 11019.7  1.02365e+00
 11020.3  1.01125e+00
 11020.9  9.95364e-01
 11021.6  1.01382e+00
 11022.2  1.03002e+00
 11022.8  1.03645e+00
 11023.5  1.04495e+00
 11024.1  1.00447e+00
 11024.8  1.00142e+00
 11025.4  9.89936e-01
 11026.0  9.87362e-01
 11026.7  1.00635e+00
 11027.3  1.05596e+00
 11027.9  1.00297e+00
 11028.6  9.90344e-01
 11029.2  9.89184e-01
 11029.8  9.98762e-01
 11030.5  9.98099e-01
 11031.1  1.00718e+00
 11031.7  1.01809e+00
 11032.4  9.97021e-01
 11033.0  9.74674e-01
 11033.6  9.75094e-01
 11034.3  9.87069e-01
 11034.9  1.00091e+00
 11035.5  1.00870e+00
 11036.2  9.92652e-01
 11036.8  9.92044e-01
 11037.4  9.71453e-01
 11038.1  1.00979e+00
 11038.7  1.05741e+00
 11039.3  9.92332e-01
 11040.0  1.00983e+00
 11040.6  1.05027e+00
 11041.2  1.03291e+00
 11041.9  9.84667e-01
 11042.5  9.89337e-01
 11043.1  1.00960e+00
 11043.8  1.00317e+00
 11044.4  1.01361e+00
 11045.0  1.03681e+00
 11045.7  9.82258e-01
 11046.3  9.95706e-01
 11047.0  9.91060e-01
 11047.6  9.92101e-01
 11048.2  1.00048e+00
 11048.9  9.63505e-01
 11049.5  9.63474e-01
 11050.1  1.00467e+00
 11050.8  9.85364e-01
 11051.4  1.01731e+00
 11052.0  1.03517e+00
 11052.7  9.85874e-01
 11053.3  1.00223e+00
 11053.9  1.00592e+00
 11054.6  1.01196e+00
 11055.2  1.00351e+00
 11055.8  1.00981e+00
 11056.5  9.86260e-01
 11057.1  1.03369e+00
 11057.7  9.59509e-01
 11058.4  1.01388e+00
 11059.0  1.02120e+00
 11059.6  1.06037e+00
 11060.3  9.82954e-01
 11060.9  9.79173e-01
 11061.5  9.84208e-01
 11062.2  9.85985e-01
 11062.8  1.04221e+00
 11063.4  1.05692e+00
 11064.1  9.62846e-01
 11064.7  9.16955e-01
 11065.3  9.32290e-01
 11066.0  9.21923e-01
 11066.6  9.45537e-01
 11067.2  9.44925e-01
 11067.9  8.83701e-01
 11068.5  8.77747e-01
 11069.2  8.69281e-01
 11069.8  8.86696e-01
 11070.4  9.00015e-01
 11071.1  8.34914e-01
 11071.7  8.18487e-01
 11072.3  7.86002e-01
 11073.0  8.23824e-01
 11073.6  8.10715e-01
 11074.2  8.44093e-01
 11074.9  8.47079e-01
 11075.5  7.86241e-01
 11076.1  7.26451e-01
 11076.8  7.34305e-01
 11077.4  7.92905e-01
 11078.0  6.98020e-01
 11078.7  6.29632e-01
 11079.3  5.97800e-01
 11079.9  5.93736e-01
 11080.6  6.25443e-01