#\*l[\oA]	F(\*l)
 10431.6  9.88523e-01
 10432.2  9.89113e-01
 10432.8  9.96082e-01
 10433.5  9.96067e-01
 10434.1  9.99874e-01
 10434.7  9.91816e-01
 10435.4  9.99150e-01
 10436.0  9.96489e-01
 10436.6  1.00028e+00
 10437.3  9.95325e-01
 10437.9  1.00461e+00
 10438.5  9.99042e-01
 10439.2  9.87954e-01
 10439.8  1.00178e+00
 10440.4  1.00307e+00
 10441.1  9.98504e-01
 10441.7  1.00154e+00
 10442.4  1.00246e+00
 10443.0  9.90486e-01
 10443.6  9.94892e-01
 10444.3  9.97339e-01
 10444.9  1.00381e+00
 10445.5  9.92093e-01
 10446.2  1.00038e+00
 10446.8  1.00361e+00
 10447.4  9.90467e-01
 10448.1  1.00425e+00
 10448.7  1.01193e+00
 10449.3  1.00094e+00
 10450.0  1.00448e+00
 10450.6  1.00746e+00
 10451.2  1.00706e+00
 10451.9  1.00411e+00
 10452.5  1.01077e+00
 10453.1  1.00421e+00
 10453.8  1.00643e+00
 10454.4  1.00487e+00
 10455.0  1.00145e+00
 10455.7  1.00719e+00
 10456.3  9.98576e-01
 10456.9  9.99151e-01
 10457.6  1.01851e+00
 10458.2  1.00611e+00
 10458.8  1.00441e+00
 10459.5  1.00676e+00
 10460.1  1.00690e+00
 10460.7  1.00997e+00
 10461.4  9.99091e-01
 10462.0  9.86082e-01
 10462.6  1.00037e+00
 10463.3  1.00402e+00
 10463.9  9.95416e-01
 10464.6  1.00893e+00
 10465.2  9.91155e-01
 10465.8  1.00585e+00
 10466.5  9.95955e-01
 10467.1  9.94807e-01
 10467.7  9.99829e-01
 10468.4  1.00185e+00
 10469.0  9.93080e-01
 10469.6  9.93156e-01
 10470.3  1.00286e+00
 10470.9  9.93348e-01
 10471.5  1.00275e+00
 10472.2  1.00309e+00
 10472.8  9.98885e-01
 10473.4  9.91266e-01
 10474.1  1.00375e+00
 10474.7  9.99114e-01
 10475.3  1.00466e+00
 10476.0  9.98998e-01
 10476.6  1.00549e+00
 10477.2  9.95172e-01
 10477.9  9.93167e-01
 10478.5  9.96633e-01
 10479.1  9.73608e-01
 10479.8  9.98047e-01
 10480.4  9.97687e-01
 10481.0  9.98782e-01
 10481.7  9.99632e-01
 10482.3  1.00224e+00
 10482.9  9.98625e-01
 10483.6  9.96399e-01
 10484.2  1.00177e+00
 10484.8  1.00412e+00
 10485.5  1.01238e+00
 10486.1  9.97935e-01
 10486.8  1.00604e+00
 10487.4  1.00619e+00
 10488.0  9.97001e-01
 10488.7  1.00107e+00
 10489.3  1.00487e+00
 10489.9  1.00454e+00
 10490.6  9.97814e-01
 10491.2  9.93659e-01
 10491.8  1.00472e+00
 10492.5  1.00099e+00
 10493.1  9.98693e-01
 10493.7  9.98846e-01
 10494.4  1.00718e+00
 10495.0  1.01044e+00
 10495.6  1.01116e+00
 10496.3  1.03626e+00
 10496.9  1.04180e+00
 10497.5  1.04876e+00
 10498.2  1.04768e+00
 10498.8  1.04313e+00
 10499.4  1.04534e+00
 10500.1  1.04168e+00
 10500.7  1.03050e+00
 10501.3  1.02741e+00
 10502.0  1.03014e+00
 10502.6  1.03661e+00
 10503.2  1.03956e+00
 10503.9  1.03877e+00
 10504.5  1.05162e+00
 10505.1  1.04857e+00
 10505.8  1.03669e+00
 10506.4  1.01672e+00
 10507.0  1.00727e+00
 10507.7  1.00598e+00
 10508.3  9.94348e-01
 10509.0  1.00543e+00
 10509.6  9.96309e-01
 10510.2  9.93307e-01
 10510.9  1.00079e+00
 10511.5  1.00389e+00
 10512.1  9.84508e-01
 10512.8  9.97439e-01
 10513.4  1.00517e+00
 10514.0  9.97027e-01
 10514.7  1.00509e+00
 10515.3  1.00599e+00
 10515.9  1.00426e+00
 10516.6  1.00150e+00
 10517.2  1.00202e+00
 10517.8  9.95496e-01
 10518.5  9.99934e-01
 10519.1  1.00479e+00
 10519.7  1.00488e+00
 10520.4  1.00254e+00
 10521.0  1.00450e+00
 10521.6  9.95836e-01
 10522.3  1.00413e+00
 10522.9  1.01041e+00
 10523.5  1.00103e+00
 10524.2  1.00676e+00
 10524.8  1.00373e+00
 10525.4  1.00008e+00
 10526.1  1.00654e+00
 10526.7  9.99078e-01
 10527.3  1.00461e+00
 10528.0  1.00623e+00
 10528.6  9.94488e-01
 10529.2  1.00238e+00
 10529.9  9.98741e-01
 10530.5  9.98825e-01
 10531.2  1.00402e+00
 10531.8  9.98975e-01
 10532.4  9.92007e-01
 10533.1  9.93712e-01
 10533.7  1.00591e+00
 10534.3  1.00285e+00
 10535.0  9.92941e-01
 10535.6  9.99133e-01
 10536.2  1.00393e+00
 10536.9  1.00021e+00
 10537.5  9.95716e-01
 10538.1  1.00323e+00
 10538.8  1.00358e+00
 10539.4  9.98809e-01
 10540.0  1.01135e+00
 10540.7  1.00424e+00
 10541.3  9.98989e-01
 10541.9  1.00399e+00
 10542.6  1.00589e+00
 10543.2  1.00960e+00
 10543.8  1.00917e+00
 10544.5  1.00723e+00
 10545.1  1.00327e+00
 10545.7  1.00492e+00
 10546.4  1.00586e+00
 10547.0  1.00933e+00
 10547.6  1.01286e+00
 10548.3  1.00547e+00
 10548.9  1.00514e+00
 10549.5  9.96182e-01
 10550.2  1.01196e+00
 10550.8  1.01060e+00
 10551.4  1.00077e+00
 10552.1  1.00213e+00
 10552.7  9.98380e-01
 10553.4  1.00581e+00
 10554.0  9.97380e-01
 10554.6  1.00248e+00
 10555.3  9.92227e-01
 10555.9  1.00172e+00
 10556.5  9.95013e-01
 10557.2  1.00282e+00
 10557.8  9.94200e-01
 10558.4  9.91190e-01
 10559.1  1.00212e+00
 10559.7  9.93122e-01
 10560.3  9.93402e-01
 10561.0  1.00713e+00
 10561.6  9.97511e-01
 10562.2  9.91616e-01
 10562.9  1.00346e+00
 10563.5  1.00622e+00
 10564.1  9.92270e-01
 10564.8  9.95321e-01
 10565.4  9.96784e-01
 10566.0  1.00461e+00
 10566.7  1.00399e+00
 10567.3  1.00136e+00
 10567.9  9.99156e-01
 10568.6  9.98665e-01
 10569.2  9.96511e-01
 10569.8  1.00187e+00
 10570.5  1.00245e+00
 10571.1  1.00203e+00
 10571.7  1.00236e+00
 10572.4  9.96746e-01
 10573.0  1.00348e+00
 10573.6  9.91386e-01
 10574.3  9.93844e-01
 10574.9  9.96751e-01
 10575.6  9.98823e-01
 10576.2  1.00294e+00
 10576.8  9.99769e-01
 10577.5  9.91554e-01
 10578.1  1.00236e+00
 10578.7  1.00253e+00
 10579.4  1.00109e+00
 10580.0  1.00312e+00
 10580.6  9.95544e-01
 10581.3  1.00729e+00
 10581.9  1.00048e+00
 10582.5  9.99861e-01
 10583.2  9.97032e-01
 10583.8  1.00350e+00
 10584.4  1.00233e+00
 10585.1  1.00066e+00
 10585.7  1.00281e+00
 10586.3  9.90728e-01
 10587.0  1.00354e+00
 10587.6  1.00239e+00
 10588.2  1.00695e+00
 10588.9  1.00110e+00
 10589.5  1.00130e+00
 10590.1  9.96867e-01
 10590.8  1.00629e+00
 10591.4  1.00185e+00
 10592.0  9.96621e-01
 10592.7  9.99923e-01
 10593.3  9.94166e-01
 10593.9  1.00474e+00
 10594.6  1.00841e+00
 10595.2  1.00019e+00
 10595.8  9.89851e-01
 10596.5  1.00591e+00
 10597.1  9.96394e-01
 10597.8  1.00560e+00
 10598.4  9.95913e-01
 10599.0  1.00835e+00
 10599.7  1.00702e+00
 10600.3  1.00760e+00
 10600.9  9.96369e-01
 10601.6  9.89619e-01
 10602.2  1.00095e+00
 10602.8  9.99997e-01
 10603.5  9.98865e-01
 10604.1  9.92709e-01
 10604.7  9.91361e-01
 10605.4  9.97066e-01
 10606.0  1.00039e+00
 10606.6  1.00420e+00
 10607.3  1.00147e+00
 10607.9  9.95841e-01
 10608.5  9.98108e-01
 10609.2  9.98498e-01
 10609.8  1.00197e+00
 10610.4  1.00193e+00
 10611.1  9.98691e-01
 10611.7  1.00211e+00
 10612.3  9.98314e-01
 10613.0  9.96394e-01
 10613.6  9.91171e-01
 10614.2  1.00505e+00
 10614.9  1.00558e+00
 10615.5  9.94817e-01
 10616.1  1.00002e+00
 10616.8  1.00324e+00
 10617.4  1.00389e+00
 10618.0  1.01419e+00
 10618.7  1.00798e+00
 10619.3  1.00364e+00
 10620.0  1.00244e+00
 10620.6  9.99252e-01
 10621.2  9.92610e-01
 10621.9  9.91567e-01
 10622.5  1.00582e+00
 10623.1  9.98030e-01
 10623.8  9.98588e-01
 10624.4  9.96022e-01
 10625.0  9.95873e-01
 10625.7  1.00478e+00
 10626.3  9.99503e-01
 10626.9  1.00382e+00
 10627.6  9.96229e-01
 10628.2  1.00155e+00
 10628.8  9.92992e-01
 10629.5  9.97466e-01
 10630.1  1.00661e+00
 10630.7  1.00022e+00
 10631.4  1.00084e+00
 10632.0  1.00336e+00
 10632.6  1.00125e+00
 10633.3  9.87221e-01
 10633.9  9.98283e-01
 10634.5  9.94873e-01
 10635.2  1.00223e+00
 10635.8  9.97645e-01
 10636.4  9.96278e-01
 10637.1  9.92144e-01
 10637.7  1.00251e+00
 10638.3  9.75567e-01
 10639.0  9.99878e-01
 10639.6  9.95343e-01
 10640.2  1.00108e+00
 10640.9  9.96849e-01
 10641.5  9.95790e-01
 10642.1  9.95092e-01
 10642.8  9.95930e-01
 10643.4  9.93561e-01
 10644.1  9.96522e-01
 10644.7  9.89706e-01
 10645.3  9.93969e-01
 10646.0  9.99500e-01
 10646.6  9.91302e-01
 10647.2  9.95417e-01
 10647.9  9.92891e-01
 10648.5  9.88384e-01
 10649.1  9.95900e-01
 10649.8  9.89449e-01
 10650.4  9.90882e-01
 10651.0  9.90205e-01
 10651.7  9.98564e-01
 10652.3  9.96559e-01
 10652.9  9.87192e-01
 10653.6  9.98921e-01
 10654.2  1.00132e+00
 10654.8  9.96991e-01
 10655.5  1.00229e+00
 10656.1  1.00588e+00
 10656.7  9.97383e-01
 10657.4  1.00609e+00
 10658.0  9.99041e-01
 10658.6  9.94728e-01
 10659.3  9.93004e-01
 10659.9  9.90523e-01
 10660.5  9.88778e-01
 10661.2  9.93522e-01
 10661.8  1.00166e+00
 10662.4  9.97381e-01
 10663.1  9.87042e-01
 10663.7  1.00370e+00
 10664.3  9.96418e-01
 10665.0  9.90048e-01
 10665.6  9.92939e-01
 10666.3  9.89476e-01
 10666.9  9.88089e-01
 10667.5  9.82062e-01
 10668.2  9.81706e-01
 10668.8  9.85166e-01
 10669.4  9.94661e-01
 10670.1  9.82455e-01
 10670.7  9.94087e-01
 10671.3  9.92071e-01
 10672.0  9.90104e-01
 10672.6  9.94130e-01
 10673.2  9.90385e-01
 10673.9  9.83001e-01
 10674.5  9.84622e-01
 10675.1  9.94794e-01
 10675.8  9.95880e-01
 10676.4  9.99635e-01
 10677.0  1.01609e+00
 10677.7  1.02093e+00
 10678.3  1.02742e+00
 10678.9  1.02222e+00
 10679.6  1.02699e+00
 10680.2  1.03369e+00
 10680.8  1.02626e+00
 10681.5  1.02326e+00
 10682.1  1.01708e+00
 10682.7  1.02535e+00
 10683.4  1.01826e+00
 10684.0  1.02453e+00
 10684.6  1.02520e+00
 10685.3  1.04996e+00
 10685.9  1.06165e+00
 10686.5  1.07798e+00
 10687.2  1.07580e+00
 10687.8  1.06496e+00
 10688.5  1.05166e+00
 10689.1  1.04832e+00
 10689.7  1.03833e+00
 10690.4  1.03400e+00
 10691.0  1.00692e+00
 10691.6  1.00297e+00
 10692.3  1.01433e+00
 10692.9  1.01663e+00
 10693.5  1.02956e+00
 10694.2  1.02881e+00
 10694.8  1.03437e+00
 10695.4  1.03728e+00
 10696.1  1.01906e+00
 10696.7  1.01188e+00
 10697.3  1.00216e+00
 10698.0  9.91966e-01
 10698.6  9.85719e-01
 10699.2  9.79524e-01
 10699.9  9.82248e-01
 10700.5  9.92998e-01
 10701.1  9.95906e-01
 10701.8  1.00718e+00
 10702.4  1.00821e+00
 10703.0  1.00090e+00
 10703.7  1.00872e+00
 10704.3  1.00725e+00
 10704.9  1.02128e+00
 10705.6  1.00542e+00
 10706.2  1.01069e+00
 10706.8  1.01139e+00
 10707.5  1.01448e+00
 10708.1  1.00918e+00
 10708.7  1.01337e+00
 10709.4  1.00855e+00
 10710.0  1.01375e+00
 10710.7  1.02251e+00
 10711.3  1.01572e+00
 10711.9  1.01967e+00
 10712.6  1.00882e+00
 10713.2  1.00932e+00
 10713.8  1.00866e+00
 10714.5  1.00368e+00
 10715.1  1.00405e+00
 10715.7  9.99213e-01
 10716.4  9.95038e-01
 10717.0  9.94662e-01
 10717.6  9.89459e-01
 10718.3  9.93923e-01
 10718.9  9.92876e-01
 10719.5  9.92816e-01
 10720.2  9.95658e-01
 10720.8  9.81561e-01
 10721.4  9.81414e-01
 10722.1  9.90218e-01
 10722.7  9.90679e-01
 10723.3  9.94997e-01
 10724.0  9.97792e-01
 10724.6  1.01123e+00
 10725.2  1.01066e+00
 10725.9  1.00889e+00
 10726.5  1.00873e+00
 10727.1  1.00864e+00
 10727.8  1.00749e+00
 10728.4  1.00293e+00
 10729.0  1.00538e+00
 10729.7  1.01228e+00
 10730.3  1.00104e+00
 10730.9  1.01390e+00
 10731.6  9.93181e-01
 10732.2  1.00971e+00
 10732.9  1.01602e+00
 10733.5  1.01824e+00
 10734.1  1.01648e+00
 10734.8  1.01495e+00
 10735.4  1.00658e+00
 10736.0  9.98989e-01
 10736.7  9.90987e-01
 10737.3  9.97151e-01
 10737.9  1.00104e+00
 10738.6  1.00253e+00
 10739.2  9.99544e-01
 10739.8  9.98384e-01
 10740.5  9.90831e-01
 10741.1  9.94029e-01
 10741.7  9.94346e-01
 10742.4  9.93477e-01
 10743.0  9.86091e-01
 10743.6  9.91377e-01
 10744.3  1.00167e+00
 10744.9  1.00677e+00
 10745.5  1.02368e+00
 10746.2  1.01930e+00
 10746.8  1.01144e+00
 10747.4  1.00875e+00
 10748.1  1.01531e+00
 10748.7  1.01599e+00
 10749.3  1.03493e+00
 10750.0  1.02508e+00
 10750.6  1.01471e+00
 10751.2  1.01554e+00
 10751.9  1.00497e+00
 10752.5  1.00643e+00
 10753.1  1.01295e+00
 10753.8  1.01251e+00
 10754.4  1.01306e+00
 10755.1  1.01004e+00
 10755.7  1.00486e+00
 10756.3  9.99671e-01
 10757.0  1.00242e+00
 10757.6  1.00236e+00
 10758.2  9.98066e-01
 10758.9  9.99990e-01
 10759.5  9.90999e-01
 10760.1  9.80361e-01
 10760.8  9.84207e-01
 10761.4  9.85498e-01
 10762.0  9.87645e-01
 10762.7  9.94491e-01
 10763.3  9.95720e-01
 10763.9  1.00622e+00
 10764.6  1.00135e+00
 10765.2  1.00088e+00
 10765.8  1.00746e+00
 10766.5  1.00913e+00
 10767.1  1.01617e+00
 10767.7  1.00357e+00
 10768.4  9.98928e-01
 10769.0  1.00066e+00
 10769.6  1.00634e+00
 10770.3  9.91952e-01
 10770.9  9.87746e-01
 10771.5  9.86187e-01
 10772.2  9.86169e-01
 10772.8  1.01463e+00
 10773.4  1.01520e+00
 10774.1  1.01085e+00
 10774.7  1.00033e+00
 10775.3  1.00149e+00
 10776.0  9.96776e-01
 10776.6  9.95595e-01
 10777.3  1.00904e+00
 10777.9  9.89497e-01
 10778.5  9.84663e-01
 10779.2  9.75906e-01
 10779.8  9.77047e-01
 10780.4  9.72593e-01
 10781.1  9.71952e-01
 10781.7  9.84275e-01
 10782.3  9.80383e-01
 10783.0  9.89747e-01
 10783.6  9.99000e-01
 10784.2  9.96463e-01
 10784.9  1.00041e+00
 10785.5  1.01411e+00
 10786.1  1.01674e+00
 10786.8  1.02529e+00
 10787.4  1.00764e+00
 10788.0  1.01431e+00
 10788.7  1.01062e+00
 10789.3  1.01624e+00
 10789.9  1.00705e+00
 10790.6  1.01374e+00
 10791.2  1.00649e+00
 10791.8  1.00485e+00
 10792.5  1.00039e+00
 10793.1  1.00387e+00
 10793.7  1.00494e+00
 10794.4  1.00520e+00
 10795.0  9.97965e-01
 10795.6  9.96612e-01
 10796.3  1.00187e+00
 10796.9  1.00297e+00
 10797.5  1.00479e+00
 10798.2  9.87579e-01
 10798.8  9.82628e-01
 10799.5  1.00082e+00
 10800.1  9.98533e-01
 10800.7  1.03397e+00
 10801.4  1.01265e+00
 10802.0  1.00290e+00
 10802.6  9.99544e-01
 10803.3  1.00904e+00
 10803.9  1.00300e+00
 10804.5  1.00164e+00
 10805.2  1.00743e+00
 10805.8  1.00987e+00
 10806.4  1.01095e+00
 10807.1  1.02515e+00
 10807.7  1.02237e+00
 10808.3  1.02059e+00
 10809.0  1.01479e+00
 10809.6  1.01057e+00
 10810.2  1.01735e+00
 10810.9  1.02574e+00
 10811.5  1.01573e+00
 10812.1  1.04115e+00
 10812.8  1.01829e+00
 10813.4  1.01735e+00
 10814.0  1.01922e+00
 10814.7  1.01266e+00
 10815.3  1.01468e+00
 10815.9  1.00429e+00
 10816.6  1.01276e+00
 10817.2  1.01909e+00
 10817.8  1.02553e+00
 10818.5  1.03519e+00
 10819.1  1.02691e+00
 10819.7  1.02852e+00
 10820.4  1.03485e+00
 10821.0  1.04330e+00
 10821.7  1.06774e+00
 10822.3  1.08443e+00
 10822.9  1.13458e+00
 10823.6  1.15398e+00
 10824.2  1.21546e+00
 10824.8  1.28116e+00
 10825.5  1.36961e+00
 10826.1  1.44909e+00
 10826.7  1.52089e+00
 10827.4  1.54289e+00
 10828.0  1.56437e+00
 10828.6  1.56187e+00
 10829.3  1.52343e+00
 10829.9  1.53110e+00
 10830.5  1.50092e+00
 10831.2  1.48016e+00
 10831.8  1.48147e+00
 10832.4  1.39228e+00
 10833.1  1.36988e+00
 10833.7  1.31094e+00
 10834.3  1.20355e+00
 10835.0  1.15487e+00
 10835.6  1.09852e+00
 10836.2  1.07848e+00
 10836.9  1.04854e+00
 10837.5  1.03397e+00
 10838.1  1.01673e+00
 10838.8  1.02048e+00
 10839.4  1.02216e+00
 10840.0  1.01646e+00
 10840.7  1.01397e+00
 10841.3  1.00066e+00
 10841.9  1.00066e+00
 10842.6  9.99039e-01
 10843.2  1.00262e+00
 10843.8  1.00799e+00
 10844.5  1.01623e+00
 10845.1  1.00769e+00
 10845.8  1.02076e+00
 10846.4  1.00419e+00
 10847.0  9.96457e-01
 10847.7  1.00665e+00
 10848.3  1.01038e+00
 10848.9  1.01244e+00
 10849.6  1.00599e+00
 10850.2  1.01106e+00
 10850.8  1.01922e+00
 10851.5  1.01017e+00
 10852.1  1.01757e+00
 10852.7  1.02672e+00
 10853.4  1.02718e+00
 10854.0  1.03197e+00
 10854.6  1.03006e+00
 10855.3  1.01816e+00
 10855.9  1.01685e+00
 10856.5  1.02519e+00
 10857.2  1.04515e+00
 10857.8  1.03718e+00
 10858.4  1.05651e+00
 10859.1  1.05461e+00
 10859.7  1.07908e+00
 10860.3  1.05748e+00
 10861.0  1.13323e+00
 10861.6  1.09758e+00
 10862.2  1.05454e+00
 10862.9  1.05819e+00
 10863.5  1.06935e+00
 10864.1  1.07345e+00
 10864.8  1.09033e+00
 10865.4  1.07219e+00
 10866.0  1.09363e+00
 10866.7  1.06904e+00
 10867.3  1.04781e+00
 10868.0  1.03909e+00
 10868.6  1.02823e+00
 10869.2  1.04769e+00
 10869.9  1.04311e+00
 10870.5  1.05090e+00
 10871.1  1.04951e+00
 10871.8  1.03632e+00
 10872.4  1.04132e+00
 10873.0  1.03973e+00
 10873.7  1.03690e+00
 10874.3  1.04208e+00
 10874.9  1.04262e+00
 10875.6  1.04812e+00
 10876.2  1.05840e+00
 10876.8  1.04116e+00
 10877.5  1.03432e+00
 10878.1  1.04224e+00
 10878.7  1.04002e+00
 10879.4  1.03850e+00
 10880.0  1.03020e+00
 10880.6  1.01904e+00
 10881.3  1.03453e+00
 10881.9  1.03360e+00
 10882.5  1.03633e+00
 10883.2  1.04768e+00
 10883.8  1.03442e+00
 10884.4  1.04401e+00
 10885.1  1.03893e+00
 10885.7  1.03580e+00
 10886.3  1.02930e+00
 10887.0  1.02545e+00
 10887.6  1.01982e+00
 10888.2  1.02649e+00
 10888.9  1.02876e+00
 10889.5  1.02680e+00
 10890.2  1.04791e+00
 10890.8  1.01625e+00
 10891.4  1.02670e+00
 10892.1  1.02312e+00
 10892.7  1.01852e+00
 10893.3  1.06331e+00
 10894.0  1.05204e+00
 10894.6  1.04033e+00
 10895.2  1.03969e+00
 10895.9  1.03758e+00
 10896.5  1.03777e+00
 10897.1  1.02383e+00
 10897.8  1.03669e+00
 10898.4  1.04405e+00
 10899.0  1.01998e+00
 10899.7  1.01433e+00
 10900.3  1.02047e+00
 10900.9  1.03415e+00
 10901.6  1.02411e+00
 10902.2  1.06832e+00
 10902.8  1.03222e+00
 10903.5  1.02613e+00
 10904.1  1.01968e+00
 10904.7  1.03388e+00
 10905.4  1.03597e+00
 10906.0  1.03005e+00
 10906.6  1.02188e+00
 10907.3  1.03835e+00
 10907.9  1.04417e+00
 10908.5  1.04757e+00
 10909.2  1.04900e+00
 10909.8  1.06361e+00
 10910.4  1.07322e+00
 10911.1  1.06126e+00
 10911.7  1.06050e+00
 10912.4  1.05415e+00
 10913.0  1.05695e+00
 10913.6  1.04931e+00
 10914.3  1.05295e+00
 10914.9  1.05159e+00
 10915.5  1.06080e+00
 10916.2  1.05494e+00
 10916.8  1.06809e+00
 10917.4  1.06467e+00
 10918.1  1.07088e+00
 10918.7  1.05704e+00
 10919.3  1.06164e+00
 10920.0  1.04583e+00
 10920.6  1.01098e+00
 10921.2  9.87440e-01
 10921.9  9.67309e-01
 10922.5  9.95051e-01
 10923.1  9.52624e-01
 10923.8  9.95047e-01
 10924.4  1.02587e+00
 10925.0  1.00429e+00
 10925.7  1.03849e+00
 10926.3  1.03247e+00
 10926.9  1.00817e+00
 10927.6  1.02456e+00
 10928.2  1.02501e+00
 10928.8  1.00731e+00
 10929.5  1.00501e+00
 10930.1  1.01170e+00
 10930.7  1.01531e+00
 10931.4  1.00088e+00
 10932.0  1.03716e+00
 10932.6  1.05063e+00
 10933.3  1.06023e+00
 10933.9  1.09695e+00
 10934.6  1.15673e+00
 10935.2  1.18675e+00
 10935.8  1.21501e+00
 10936.5  1.22645e+00
 10937.1  1.17371e+00
 10937.7  1.18429e+00
 10938.4  1.16491e+00
 10939.0  1.15730e+00
 10939.6  1.15981e+00
 10940.3  1.14304e+00
 10940.9  1.11592e+00
 10941.5  1.04537e+00
 10942.2  1.02194e+00
 10942.8  9.85372e-01
 10943.4  9.90214e-01
 10944.1  9.92592e-01
 10944.7  9.80161e-01
 10945.3  9.76309e-01
 10946.0  1.00764e+00
 10946.6  9.97392e-01
 10947.2  1.03787e+00
 10947.9  1.05221e+00
 10948.5  1.01780e+00
 10949.1  1.02514e+00
 10949.8  1.03195e+00
 10950.4  1.03150e+00
 10951.0  1.03079e+00
 10951.7  1.04761e+00
 10952.3  1.04785e+00
 10952.9  1.05098e+00
 10953.6  1.04476e+00
 10954.2  1.04801e+00
 10954.8  1.03737e+00
 10955.5  1.05248e+00
 10956.1  1.03657e+00
 10956.8  1.07410e+00
 10957.4  1.06129e+00
 10958.0  1.05488e+00
 10958.7  1.02231e+00
 10959.3  1.04176e+00
 10959.9  1.03329e+00
 10960.6  1.04911e+00
 10961.2  1.05639e+00
 10961.8  1.05730e+00
 10962.5  1.05768e+00
 10963.1  1.04971e+00
 10963.7  1.05225e+00
 10964.4  1.04789e+00
 10965.0  1.04957e+00
 10965.6  1.02935e+00
 10966.3  1.02779e+00
 10966.9  1.04660e+00
 10967.5  1.02942e+00
 10968.2  1.03006e+00
 10968.8  1.04407e+00
 10969.4  1.02367e+00
 10970.1  1.01184e+00
 10970.7  1.02874e+00
 10971.3  1.02335e+00
 10972.0  1.01641e+00
 10972.6  1.02827e+00
 10973.2  1.01314e+00
 10973.9  1.02478e+00
 10974.5  1.00341e+00
 10975.1  1.00494e+00
 10975.8  9.88105e-01
 10976.4  9.98865e-01
 10977.0  1.03254e+00
 10977.7  1.02013e+00
 10978.3  1.04625e+00
 10979.0  1.01789e+00
 10979.6  1.04125e+00
 10980.2  1.04865e+00
 10980.9  1.01555e+00
 10981.5  1.02283e+00
 10982.1  1.01751e+00
 10982.8  1.00006e+00
 10983.4  1.02498e+00
 10984.0  1.01525e+00
 10984.7  9.83316e-01
 10985.3  1.00930e+00
 10985.9  9.88475e-01
 10986.6  1.01690e+00
 10987.2  1.01402e+00
 10987.8  1.02228e+00
 10988.5  1.01062e+00
 10989.1  1.01078e+00
 10989.7  1.01786e+00
 10990.4  1.01774e+00
 10991.0  9.96363e-01
 10991.6  1.01528e+00
 10992.3  9.73051e-01
 10992.9  9.94465e-01
 10993.5  1.00585e+00
 10994.2  9.82878e-01
 10994.8  1.04302e+00
 10995.4  1.00824e+00
 10996.1  1.04598e+00
 10996.7  1.00641e+00
 10997.3  1.04978e+00
 10998.0  1.01806e+00
 10998.6  1.01058e+00
 10999.2  1.02062e+00
 10999.9  1.01109e+00
 11000.5  1.03048e+00
 11001.2  1.00328e+00
 11001.8  9.92433e-01
 11002.4  1.00695e+00
 11003.1  1.00814e+00
 11003.7  1.04896e+00
 11004.3  1.01076e+00
 11005.0  1.01536e+00
 11005.6  9.98177e-01
 11006.2  9.77087e-01
 11006.9  9.71599e-01
 11007.5  1.00644e+00
 11008.1  1.04146e+00
 11008.8  1.04946e+00
 11009.4  1.01557e+00
 11010.0  1.03691e+00
 11010.7  1.01960e+00
 11011.3  1.02041e+00
 11011.9  1.01743e+00
 11012.6  9.90535e-01
 11013.2  1.01344e+00
 11013.8  1.00336e+00
 11014.5  9.84363e-01
 11015.1  1.00360e+00
 11015.7  9.96683e-01
 11016.4  9.65707e-01
 11017.0  1.02748e+00
 11017.6  1.04777e+00
 11018.3  1.02072e+00
 11018.9  1.03096e+00
 11019.5  1.05263e+00
 11020.2  1.02323e+00
 11020.8  1.04110e+00
 11021.4  1.01663e+00
 11022.1  9.99073e-01
 11022.7  9.91506e-01
 11023.4  9.99496e-01
 11024.0  1.03454e+00
 11024.6  1.05460e+00
 11025.3  1.01581e+00
 11025.9  9.96012e-01
 11026.5  9.82621e-01
 11027.2  9.87761e-01
 11027.8  9.66386e-01
 11028.4  1.02332e+00
 11029.1  1.03924e+00
 11029.7  1.01847e+00
 11030.3  1.00723e+00
 11031.0  1.03086e+00
 11031.6  1.02647e+00
 11032.2  1.00217e+00
 11032.9  1.01380e+00
 11033.5  1.06972e+00
 11034.1  1.02318e+00
 11034.8  1.02529e+00
 11035.4  1.03400e+00
 11036.0  1.03746e+00
 11036.7  1.03104e+00
 11037.3  9.99392e-01
 11037.9  9.92018e-01
 11038.6  9.93878e-01
 11039.2  9.63743e-01
 11039.8  1.02494e+00
 11040.5  9.85643e-01
 11041.1  9.91194e-01
 11041.7  9.93154e-01
 11042.4  1.07215e+00
 11043.0  1.06596e+00
 11043.6  1.03761e+00
 11044.3  1.03826e+00
 11044.9  1.02558e+00
 11045.5  9.79509e-01
 11046.2  1.00115e+00
 11046.8  1.04055e+00
 11047.5  1.05566e+00
 11048.1  1.04469e+00
 11048.7  1.06583e+00
 11049.4  1.04270e+00
 11050.0  1.00815e+00
 11050.6  1.01308e+00
 11051.3  9.89794e-01
 11051.9  9.93198e-01
 11052.5  1.00468e+00
 11053.2  1.03104e+00
 11053.8  1.04803e+00
 11054.4  1.02936e+00
 11055.1  1.04308e+00
 11055.7  1.09834e+00
 11056.3  1.02173e+00
 11057.0  1.01154e+00
 11057.6  1.00872e+00
 11058.2  9.77458e-01
 11058.9  1.04593e+00
 11059.5  9.72095e-01
 11060.1  9.69711e-01
 11060.8  1.05779e+00
 11061.4  1.03084e+00
 11062.0  1.00139e+00
 11062.7  1.02411e+00
 11063.3  1.06602e+00
 11063.9  9.99705e-01
 11064.6  1.04004e+00
 11065.2  1.09329e+00
 11065.8  1.06814e+00
 11066.5  1.02342e+00
 11067.1  1.03018e+00
 11067.7  1.01769e+00
 11068.4  1.03705e+00
 11069.0  1.01063e+00
 11069.7  1.02085e+00
 11070.3  1.00059e+00
 11070.9  1.00968e+00
 11071.6  1.05401e+00
 11072.2  1.04700e+00
 11072.8  1.03904e+00
 11073.5  9.47334e-01
 11074.1  9.05926e-01
 11074.7  8.28722e-01
 11075.4  8.68118e-01
 11076.0  7.94933e-01
 11076.6  7.23542e-01
 11077.3  6.17869e-01
 11077.9  5.72337e-01
 11078.5  5.58261e-01
 11079.2  5.60143e-01
 11079.8  5.59391e-01
 11080.4  5.77541e-01