#\*l[\oA]	F(\*l)
 10475.0  9.87132e-01
 10475.6  9.82461e-01
 10476.3  1.00623e+00
 10476.9  1.03173e+00
 10477.5  1.04438e+00
 10478.2  1.02559e+00
 10478.8  1.04415e+00
 10479.4  1.06898e+00
 10480.1  1.05293e+00
 10480.7  1.05375e+00
 10481.3  1.07016e+00
 10482.0  1.06917e+00
 10482.6  1.07510e+00
 10483.2  1.08720e+00
 10483.9  1.11082e+00
 10484.5  1.15812e+00
 10485.1  1.17322e+00
 10485.8  1.17209e+00
 10486.4  1.19223e+00
 10487.1  1.22323e+00
 10487.7  1.24382e+00
 10488.3  1.31202e+00
 10489.0  1.44765e+00
 10489.6  1.55825e+00
 10490.2  1.56366e+00
 10490.9  1.54136e+00
 10491.5  1.54972e+00
 10492.1  1.56195e+00
 10492.8  1.58699e+00
 10493.4  1.62752e+00
 10494.0  1.64721e+00
 10494.7  1.67609e+00
 10495.3  1.68616e+00
 10495.9  1.70864e+00
 10496.6  1.72499e+00
 10497.2  1.74389e+00
 10497.8  1.80974e+00
 10498.5  1.92298e+00
 10499.1  2.19983e+00
 10499.7  2.56749e+00
 10500.4  2.54267e+00
 10501.0  2.18274e+00
 10501.6  1.86637e+00
 10502.3  1.68457e+00
 10502.9  1.63602e+00
 10503.5  1.63703e+00
 10504.2  1.62607e+00
 10504.8  1.60238e+00
 10505.4  1.59852e+00
 10506.1  1.61659e+00
 10506.7  1.60677e+00
 10507.3  1.58555e+00
 10508.0  1.56139e+00
 10508.6  1.54521e+00
 10509.2  1.53520e+00
 10509.9  1.51521e+00
 10510.5  1.48924e+00
 10511.2  1.45644e+00
 10511.8  1.43985e+00
 10512.4  1.43453e+00
 10513.1  1.39152e+00
 10513.7  1.34070e+00
 10514.3  1.30257e+00
 10515.0  1.26560e+00
 10515.6  1.24243e+00
 10516.2  1.21019e+00
 10516.9  1.17686e+00
 10517.5  1.16823e+00
 10518.1  1.17491e+00
 10518.8  1.17328e+00
 10519.4  1.16075e+00
 10520.0  1.15424e+00
 10520.7  1.15325e+00
 10521.3  1.14601e+00
 10521.9  1.15905e+00
 10522.6  1.17793e+00
 10523.2  1.21746e+00
 10523.8  1.25842e+00
 10524.5  1.22357e+00
 10525.1  1.15834e+00
 10525.7  1.13003e+00
 10526.4  1.13713e+00
 10527.0  1.15244e+00
 10527.6  1.13408e+00
 10528.3  1.12699e+00
 10528.9  1.13405e+00
 10529.5  1.13532e+00
 10530.2  1.12944e+00
 10530.8  1.13400e+00
 10531.4  1.15806e+00
 10532.1  1.16622e+00
 10532.7  1.14174e+00
 10533.4  1.12688e+00
 10534.0  1.13998e+00
 10534.6  1.14594e+00
 10535.3  1.13089e+00
 10535.9  1.13281e+00
 10536.5  1.13674e+00
 10537.2  1.13937e+00
 10537.8  1.16603e+00
 10538.4  1.17518e+00
 10539.1  1.15551e+00
 10539.7  1.12812e+00
 10540.3  1.10531e+00
 10541.0  1.11619e+00
 10541.6  1.13628e+00
 10542.2  1.11925e+00
 10542.9  1.11441e+00
 10543.5  1.13544e+00
 10544.1  1.12431e+00
 10544.8  1.13643e+00
 10545.4  1.16171e+00
 10546.0  1.13103e+00
 10546.7  1.09305e+00
 10547.3  1.08391e+00
 10547.9  1.09583e+00
 10548.6  1.09524e+00
 10549.2  1.07304e+00
 10549.8  1.06440e+00
 10550.5  1.07098e+00
 10551.1  1.05753e+00
 10551.7  1.05228e+00
 10552.4  1.07176e+00
 10553.0  1.06985e+00
 10553.6  1.05032e+00
 10554.3  1.03732e+00
 10554.9  1.02435e+00
 10555.5  1.01502e+00
 10556.2  1.02481e+00
 10556.8  1.03392e+00
 10557.5  1.01706e+00
 10558.1  1.01270e+00
 10558.7  1.00892e+00
 10559.4  1.00508e+00
 10560.0  1.01322e+00
 10560.6  1.00320e+00
 10561.3  9.93318e-01
 10561.9  9.95616e-01
 10562.5  9.91246e-01
 10563.2  9.73831e-01
 10563.8  9.65293e-01
 10564.4  9.82403e-01
 10565.1  9.91418e-01
 10565.7  9.81179e-01
 10566.3  9.76145e-01
 10567.0  9.87145e-01
 10567.6  9.88426e-01
 10568.2  9.75739e-01
 10568.9  9.82141e-01
 10569.5  1.00147e+00
 10570.1  1.00204e+00
 10570.8  9.89268e-01
 10571.4  9.93192e-01
 10572.0  9.85562e-01
 10572.7  9.65467e-01
 10573.3  9.68736e-01
 10573.9  9.85457e-01
 10574.6  9.83130e-01
 10575.2  9.80873e-01
 10575.8  9.90151e-01
 10576.5  9.87363e-01
 10577.1  9.77003e-01
 10577.7  9.68471e-01
 10578.4  9.55902e-01
 10579.0  9.67978e-01
 10579.7  9.96607e-01
 10580.3  9.93249e-01
 10580.9  9.78825e-01
 10581.6  9.83553e-01
 10582.2  9.87349e-01
 10582.8  9.80756e-01
 10583.5  9.81557e-01
 10584.1  9.82165e-01
 10584.7  9.74481e-01
 10585.4  9.82542e-01
 10586.0  9.86049e-01
 10586.6  9.74052e-01
 10587.3  9.73330e-01
 10587.9  9.81609e-01
 10588.5  9.89839e-01
 10589.2  9.87698e-01
 10589.8  9.94725e-01
 10590.4  1.00829e+00
 10591.1  9.89038e-01
 10591.7  9.72740e-01
 10592.3  9.86315e-01
 10593.0  1.00061e+00
 10593.6  9.95594e-01
 10594.2  1.00593e+00
 10594.9  1.02408e+00
 10595.5  1.00629e+00
 10596.1  9.99217e-01
 10596.8  1.00659e+00
 10597.4  1.00032e+00
 10598.0  9.99223e-01
 10598.7  1.00218e+00
 10599.3  1.01141e+00
 10599.9  1.01375e+00
 10600.6  1.01096e+00
 10601.2  1.00550e+00
 10601.8  9.93177e-01
 10602.5  1.00688e+00
 10603.1  1.01185e+00
 10603.8  1.00071e+00
 10604.4  1.00514e+00
 10605.0  1.02216e+00
 10605.7  1.07258e+00
 10606.3  1.12370e+00
 10606.9  1.10935e+00
 10607.6  1.05787e+00
 10608.2  1.02614e+00
 10608.8  1.00440e+00
 10609.5  9.78561e-01
 10610.1  9.56208e-01
 10610.7  9.57594e-01
 10611.4  9.81725e-01
 10612.0  9.82204e-01
 10612.6  9.83001e-01
 10613.3  9.98093e-01
 10613.9  9.85317e-01
 10614.5  9.74106e-01
 10615.2  9.89073e-01
 10615.8  9.84649e-01
 10616.4  9.65168e-01
 10617.1  9.66678e-01
 10617.7  9.79689e-01
 10618.3  9.95206e-01
 10619.0  1.00607e+00
 10619.6  9.94872e-01
 10620.2  9.83411e-01
 10620.9  9.92137e-01
 10621.5  1.00679e+00
 10622.1  1.00363e+00
 10622.8  9.79468e-01
 10623.4  9.56880e-01
 10624.0  9.56085e-01
 10624.7  9.72397e-01
 10625.3  9.91095e-01
 10626.0  9.85118e-01
 10626.6  9.86700e-01
 10627.2  9.88697e-01
 10627.9  9.74296e-01
 10628.5  9.78914e-01
 10629.1  9.81205e-01
 10629.8  9.84172e-01
 10630.4  9.71142e-01
 10631.0  9.52303e-01
 10631.7  9.49951e-01
 10632.3  9.49609e-01
 10632.9  9.69670e-01
 10633.6  9.90781e-01
 10634.2  9.93339e-01
 10634.8  9.77593e-01
 10635.5  9.57085e-01
 10636.1  9.56252e-01
 10636.7  9.67141e-01
 10637.4  9.70379e-01
 10638.0  9.81511e-01
 10638.6  1.00006e+00
 10639.3  9.85260e-01
 10639.9  9.67403e-01
 10640.5  9.69653e-01
 10641.2  9.77187e-01
 10641.8  9.88777e-01
 10642.4  9.92815e-01
 10643.1  9.90873e-01
 10643.7  9.95294e-01
 10644.3  9.89458e-01
 10645.0  9.71001e-01
 10645.6  9.72835e-01
 10646.2  9.85497e-01
 10646.9  9.81753e-01
 10647.5  9.75492e-01
 10648.1  9.74570e-01
 10648.8  9.78516e-01
 10649.4  9.81858e-01
 10650.1  9.99589e-01
 10650.7  1.02452e+00
 10651.3  1.02357e+00
 10652.0  1.01655e+00
 10652.6  1.00697e+00
 10653.2  9.92316e-01
 10653.9  9.79665e-01
 10654.5  9.73832e-01
 10655.1  9.79867e-01
 10655.8  9.89831e-01
 10656.4  9.99466e-01
 10657.0  9.95897e-01
 10657.7  9.97506e-01
 10658.3  1.01536e+00
 10658.9  1.01033e+00
 10659.6  9.95132e-01
 10660.2  1.00355e+00
 10660.8  1.01952e+00
 10661.5  1.02386e+00
 10662.1  1.01474e+00
 10662.7  1.01653e+00
 10663.4  1.01927e+00
 10664.0  1.00633e+00
 10664.6  1.00579e+00
 10665.3  1.01637e+00
 10665.9  1.01474e+00
 10666.5  1.01019e+00
 10667.2  1.00544e+00
 10667.8  9.94152e-01
 10668.4  9.99015e-01
 10669.1  1.01093e+00
 10669.7  1.00082e+00
 10670.3  9.77144e-01
 10671.0  9.73632e-01
 10671.6  9.69694e-01
 10672.3  9.72946e-01
 10672.9  1.00533e+00
 10673.5  1.01245e+00
 10674.2  1.00532e+00
 10674.8  9.94841e-01
 10675.4  9.74167e-01
 10676.1  9.76034e-01
 10676.7  9.80557e-01
 10677.3  9.69364e-01
 10678.0  9.65990e-01
 10678.6  9.72177e-01
 10679.2  9.82906e-01
 10679.9  9.93647e-01
 10680.5  9.99778e-01
 10681.1  1.00710e+00
 10681.8  1.00673e+00
 10682.4  1.01363e+00
 10683.0  1.01688e+00
 10683.7  1.00023e+00
 10684.3  9.91886e-01
 10684.9  9.89438e-01
 10685.6  9.86823e-01
 10686.2  9.88765e-01
 10686.8  9.95406e-01
 10687.5  1.00387e+00
 10688.1  1.00249e+00
 10688.7  1.00604e+00
 10689.4  1.01211e+00
 10690.0  1.00353e+00
 10690.6  9.86405e-01
 10691.3  9.91833e-01
 10691.9  9.99034e-01
 10692.5  9.94823e-01
 10693.2  1.00773e+00
 10693.8  1.01801e+00
 10694.4  1.00934e+00
 10695.1  9.91339e-01
 10695.7  9.83077e-01
 10696.4  9.72544e-01
 10697.0  9.67281e-01
 10697.6  9.68786e-01
 10698.3  9.67933e-01
 10698.9  9.78557e-01
 10699.5  9.73430e-01
 10700.2  9.64863e-01
 10700.8  9.89095e-01
 10701.4  1.00442e+00
 10702.1  1.00088e+00
 10702.7  1.02567e+00
 10703.3  1.03264e+00
 10704.0  1.01246e+00
 10704.6  1.02054e+00
 10705.2  1.02476e+00
 10705.9  1.02078e+00
 10706.5  1.05071e+00
 10707.1  1.07578e+00
 10707.8  1.05896e+00
 10708.4  1.04489e+00
 10709.0  1.06169e+00
 10709.7  1.07067e+00
 10710.3  1.06027e+00
 10710.9  1.06246e+00
 10711.6  1.07988e+00
 10712.2  1.08167e+00
 10712.8  1.07283e+00
 10713.5  1.07031e+00
 10714.1  1.04178e+00
 10714.7  1.01644e+00
 10715.4  1.02461e+00
 10716.0  1.02860e+00
 10716.6  1.03199e+00
 10717.3  1.03748e+00
 10717.9  1.04696e+00
 10718.6  1.05106e+00
 10719.2  1.03885e+00
 10719.8  1.03172e+00
 10720.5  1.02300e+00
 10721.1  1.01333e+00
 10721.7  9.99930e-01
 10722.4  9.99346e-01
 10723.0  1.01873e+00
 10723.6  1.02137e+00
 10724.3  1.02578e+00
 10724.9  1.02970e+00
 10725.5  1.01557e+00
 10726.2  1.00911e+00
 10726.8  1.01626e+00
 10727.4  1.02407e+00
 10728.1  1.03180e+00
 10728.7  1.03606e+00
 10729.3  1.02003e+00
 10730.0  1.00373e+00
 10730.6  1.01679e+00
 10731.2  1.02416e+00
 10731.9  1.00059e+00
 10732.5  1.00277e+00
 10733.1  1.01369e+00
 10733.8  1.00003e+00
 10734.4  1.00249e+00
 10735.0  1.01341e+00
 10735.7  1.01710e+00
 10736.3  1.02070e+00
 10736.9  1.01921e+00
 10737.6  1.01820e+00
 10738.2  1.01487e+00
 10738.8  1.00783e+00
 10739.5  1.01085e+00
 10740.1  1.03030e+00
 10740.7  1.03998e+00
 10741.4  1.01431e+00
 10742.0  9.93478e-01
 10742.7  1.00953e+00
 10743.3  1.01555e+00
 10743.9  1.02160e+00
 10744.6  1.02984e+00
 10745.2  1.00463e+00
 10745.8  9.86996e-01
 10746.5  1.00947e+00
 10747.1  1.04641e+00
 10747.7  1.04153e+00
 10748.4  1.02022e+00
 10749.0  1.01778e+00
 10749.6  9.88961e-01
 10750.3  9.83563e-01
 10750.9  1.00224e+00
 10751.5  9.83401e-01
 10752.2  9.84722e-01
 10752.8  1.00319e+00
 10753.4  9.99440e-01
 10754.1  1.00073e+00
 10754.7  1.01178e+00
 10755.3  1.01807e+00
 10756.0  1.02697e+00
 10756.6  1.02026e+00
 10757.2  9.92377e-01
 10757.9  9.80471e-01
 10758.5  1.00021e+00
 10759.1  1.01785e+00
 10759.8  1.01175e+00
 10760.4  9.98316e-01
 10761.0  1.01852e+00
 10761.7  1.02338e+00
 10762.3  1.00289e+00
 10762.9  1.00908e+00
 10763.6  1.01241e+00
 10764.2  1.01095e+00
 10764.9  1.00364e+00
 10765.5  9.88573e-01
 10766.1  9.86526e-01
 10766.8  1.00003e+00
 10767.4  9.98953e-01
 10768.0  9.83667e-01
 10768.7  9.87961e-01
 10769.3  1.00504e+00
 10769.9  1.01690e+00
 10770.6  1.01261e+00
 10771.2  9.84517e-01
 10771.8  9.76445e-01
 10772.5  9.95879e-01
 10773.1  1.00876e+00
 10773.7  1.00983e+00
 10774.4  1.01027e+00
 10775.0  1.00048e+00
 10775.6  9.96642e-01
 10776.3  9.98502e-01
 10776.9  1.00302e+00
 10777.5  1.01402e+00
 10778.2  1.00383e+00
 10778.8  1.00077e+00
 10779.4  9.99910e-01
 10780.1  9.85460e-01
 10780.7  1.01368e+00
 10781.3  1.04058e+00
 10782.0  1.03037e+00
 10782.6  1.05121e+00
 10783.2  1.05540e+00
 10783.9  1.03922e+00
 10784.5  1.04080e+00
 10785.1  1.03346e+00
 10785.8  1.03174e+00
 10786.4  1.05253e+00
 10787.0  1.06553e+00
 10787.7  1.07474e+00
 10788.3  1.08642e+00
 10789.0  1.06573e+00
 10789.6  1.03288e+00
 10790.2  1.00159e+00
 10790.9  9.28902e-01
 10791.5  8.35839e-01
 10792.1  8.15948e-01
 10792.8  8.77002e-01
 10793.4  9.67179e-01
 10794.0  9.94705e-01
 10794.7  9.86854e-01
 10795.3  1.02091e+00
 10795.9  1.04354e+00
 10796.6  1.04295e+00
 10797.2  1.04254e+00
 10797.8  1.05331e+00
 10798.5  1.06316e+00
 10799.1  1.04962e+00
 10799.7  1.05288e+00
 10800.4  1.07815e+00
 10801.0  1.08139e+00
 10801.6  1.09195e+00
 10802.3  1.12897e+00
 10802.9  1.14903e+00
 10803.5  1.13724e+00
 10804.2  1.12670e+00
 10804.8  1.12776e+00
 10805.4  1.12883e+00
 10806.1  1.10833e+00
 10806.7  1.05712e+00
 10807.3  9.46230e-01
 10808.0  7.58144e-01
 10808.6  5.79073e-01
 10809.2  4.89076e-01
 10809.9  4.82092e-01
 10810.5  5.11813e-01
 10811.2  5.87026e-01
 10811.8  7.17440e-01
 10812.4  8.93685e-01
 10813.1  1.03499e+00
 10813.7  1.09848e+00
 10814.3  1.12427e+00
 10815.0  1.12084e+00
 10815.6  1.09777e+00
 10816.2  1.10176e+00
 10816.9  1.14158e+00
 10817.5  1.23804e+00
 10818.1  1.56148e+00
 10818.8  2.28656e+00
 10819.4  3.29287e+00
 10820.0  4.19414e+00
 10820.7  4.85462e+00
 10821.3  5.15149e+00
 10821.9  4.89918e+00
 10822.6  4.45615e+00
 10823.2  4.38821e+00
 10823.8  4.93432e+00
 10824.5  6.25752e+00
 10825.1  8.52600e+00
 10825.7  1.15283e+01
 10826.4  1.43489e+01
 10827.0  1.57888e+01
 10827.6  1.51815e+01
 10828.3  1.36009e+01
 10828.9  1.51477e+01
 10829.5  2.00317e+01
 10830.2  2.27456e+01
 10830.8  2.12351e+01
 10831.4  1.66944e+01
 10832.1  1.28452e+01
 10832.7  1.13354e+01
 10833.3  9.68883e+00
 10834.0  8.16973e+00
 10834.6  7.30573e+00
 10835.3  6.29901e+00
 10835.9  5.25737e+00
 10836.5  4.52098e+00
 10837.2  3.90558e+00
 10837.8  3.41343e+00
 10838.4  3.10249e+00
 10839.1  2.85932e+00
 10839.7  2.65004e+00
 10840.3  2.46998e+00
 10841.0  2.31962e+00
 10841.6  2.22276e+00
 10842.2  2.10506e+00
 10842.9  1.98272e+00
 10843.5  1.91177e+00
 10844.1  1.87521e+00
 10844.8  1.86341e+00
 10845.4  1.87240e+00
 10846.0  1.86946e+00
 10846.7  1.82116e+00
 10847.3  1.78791e+00
 10847.9  1.79513e+00
 10848.6  1.81530e+00
 10849.2  1.83007e+00
 10849.8  1.85728e+00
 10850.5  1.89967e+00
 10851.1  1.90188e+00
 10851.7  1.90461e+00
 10852.4  1.91773e+00
 10853.0  1.91075e+00
 10853.6  1.93172e+00
 10854.3  1.93755e+00
 10854.9  1.90867e+00
 10855.5  1.91592e+00
 10856.2  1.93642e+00
 10856.8  1.87773e+00
 10857.5  1.85295e+00
 10858.1  1.94099e+00
 10858.7  2.02974e+00
 10859.4  2.04532e+00
 10860.0  2.13779e+00
 10860.6  2.37682e+00
 10861.3  2.45319e+00
 10861.9  2.29025e+00
 10862.5  2.07499e+00
 10863.2  1.92637e+00
 10863.8  1.87425e+00
 10864.4  1.87942e+00
 10865.1  1.87498e+00
 10865.7  1.87134e+00
 10866.3  1.87940e+00
 10867.0  1.88304e+00
 10867.6  1.85585e+00
 10868.2  1.84155e+00
 10868.9  1.84422e+00
 10869.5  1.85853e+00
 10870.1  1.88041e+00
 10870.8  1.81715e+00
 10871.4  1.71801e+00
 10872.0  1.67202e+00
 10872.7  1.64349e+00
 10873.3  1.59938e+00
 10873.9  1.56825e+00
 10874.6  1.52181e+00
 10875.2  1.47077e+00
 10875.8  1.45259e+00
 10876.5  1.41549e+00
 10877.1  1.37429e+00
 10877.7  1.35218e+00
 10878.4  1.35070e+00
 10879.0  1.34031e+00
 10879.6  1.30967e+00
 10880.3  1.31247e+00
 10880.9  1.33447e+00
 10881.6  1.28791e+00
 10882.2  1.23798e+00
 10882.8  1.24227e+00
 10883.5  1.25732e+00
 10884.1  1.24544e+00
 10884.7  1.21850e+00
 10885.4  1.20265e+00
 10886.0  1.18112e+00
 10886.6  1.19210e+00
 10887.3  1.21022e+00
 10887.9  1.18714e+00
 10888.5  1.12172e+00
 10889.2  1.11815e+00
 10889.8  1.13714e+00
 10890.4  1.15492e+00
 10891.1  1.18937e+00
 10891.7  1.16883e+00
 10892.3  1.12396e+00
 10893.0  1.13652e+00
 10893.6  1.15201e+00
 10894.2  1.14780e+00
 10894.9  1.15419e+00
 10895.5  1.17244e+00
 10896.1  1.18037e+00
 10896.8  1.18948e+00
 10897.4  1.18948e+00
 10898.0  1.17090e+00
 10898.7  1.16353e+00
 10899.3  1.21885e+00
 10899.9  1.27304e+00
 10900.6  1.20891e+00
 10901.2  1.18778e+00
 10901.8  1.28930e+00
 10902.5  1.35188e+00
 10903.1  1.34355e+00
 10903.8  1.35472e+00
 10904.4  1.40835e+00
 10905.0  1.44290e+00
 10905.7  1.46212e+00
 10906.3  1.47807e+00
 10906.9  1.49588e+00
 10907.6  1.49924e+00
 10908.2  1.50007e+00
 10908.8  1.53302e+00
 10909.5  1.58296e+00
 10910.1  1.62761e+00
 10910.7  1.67130e+00
 10911.4  1.71163e+00
 10912.0  1.69907e+00
 10912.6  1.65528e+00
 10913.3  1.63270e+00
 10913.9  1.63202e+00
 10914.5  1.62424e+00
 10915.2  1.61355e+00
 10915.8  1.60016e+00
 10916.4  1.58919e+00
 10917.1  1.59105e+00
 10917.7  1.57992e+00
 10918.3  1.57309e+00
 10919.0  1.59173e+00
 10919.6  1.59406e+00
 10920.2  1.56870e+00
 10920.9  1.58394e+00
 10921.5  1.71593e+00
 10922.1  1.78212e+00
 10922.8  1.72412e+00
 10923.4  1.92313e+00
 10924.0  2.19372e+00
 10924.7  2.29298e+00
 10925.3  2.50888e+00
 10925.9  2.81637e+00
 10926.6  3.14020e+00
 10927.2  3.49050e+00
 10927.9  3.83442e+00
 10928.5  4.14829e+00
 10929.1  4.43957e+00
 10929.8  4.70471e+00
 10930.4  4.78848e+00
 10931.0  4.90303e+00
 10931.7  5.15511e+00
 10932.3  5.29117e+00
 10932.9  5.46773e+00
 10933.6  5.65138e+00
 10934.2  5.84246e+00
 10934.8  6.46225e+00
 10935.5  7.65659e+00
 10936.1  8.97052e+00
 10936.7  9.06468e+00
 10937.4  7.87418e+00
 10938.0  6.67874e+00
 10938.6  5.98789e+00
 10939.3  5.57149e+00
 10939.9  5.36818e+00
 10940.5  5.27623e+00
 10941.2  5.08292e+00
 10941.8  4.77584e+00
 10942.4  4.60765e+00
 10943.1  4.56206e+00
 10943.7  4.33304e+00
 10944.3  4.09285e+00
 10945.0  4.10007e+00
 10945.6  3.83369e+00
 10946.2  3.46515e+00
 10946.9  3.40136e+00
 10947.5  3.32608e+00
 10948.1  3.11215e+00
 10948.8  2.88189e+00
 10949.4  2.67616e+00
 10950.1  2.52789e+00
 10950.7  2.38753e+00
 10951.3  2.24242e+00
 10952.0  2.10155e+00
 10952.6  1.95735e+00
 10953.2  1.83873e+00
 10953.9  1.73163e+00
 10954.5  1.70123e+00
 10955.1  1.73927e+00
 10955.8  1.65351e+00
 10956.4  1.51770e+00
 10957.0  1.50737e+00
 10957.7  1.55168e+00
 10958.3  1.58726e+00
 10958.9  1.55137e+00
 10959.6  1.45996e+00
 10960.2  1.41447e+00
 10960.8  1.42732e+00
 10961.5  1.43648e+00
 10962.1  1.43166e+00
 10962.7  1.40027e+00
 10963.4  1.39508e+00
 10964.0  1.39381e+00
 10964.6  1.36440e+00
 10965.3  1.31557e+00
 10965.9  1.29349e+00
 10966.5  1.28271e+00
 10967.2  1.27958e+00
 10967.8  1.28150e+00
 10968.4  1.26898e+00
 10969.1  1.25199e+00
 10969.7  1.23592e+00
 10970.3  1.24280e+00
 10971.0  1.24701e+00
 10971.6  1.24016e+00
 10972.2  1.20054e+00
 10972.9  1.13694e+00
 10973.5  1.15017e+00
 10974.2  1.19499e+00
 10974.8  1.23860e+00
 10975.4  1.18040e+00
 10976.1  1.08447e+00
 10976.7  1.09844e+00
 10977.3  1.14437e+00
 10978.0  1.14471e+00
 10978.6  1.10754e+00
 10979.2  1.14749e+00
 10979.9  1.14536e+00
 10980.5  1.11837e+00
 10981.1  1.12826e+00
 10981.8  1.09851e+00
 10982.4  1.09726e+00
 10983.0  1.10496e+00
 10983.7  1.07641e+00
 10984.3  1.08979e+00
 10984.9  1.11997e+00
 10985.6  1.07564e+00
 10986.2  1.06339e+00
 10986.8  1.11363e+00
 10987.5  1.11786e+00
 10988.1  1.05077e+00
 10988.7  1.03469e+00
 10989.4  1.08315e+00
 10990.0  1.07505e+00
 10990.6  1.08214e+00
 10991.3  1.09295e+00
 10991.9  1.08215e+00
 10992.5  1.11177e+00
 10993.2  1.05909e+00
 10993.8  9.72607e-01
 10994.4  9.98248e-01
 10995.1  1.02867e+00
 10995.7  1.00032e+00
 10996.4  1.03034e+00
 10997.0  1.06275e+00
 10997.6  1.06001e+00
 10998.3  1.04084e+00
 10998.9  1.04831e+00
 10999.5  1.02470e+00
 11000.2  1.03374e+00
 11000.8  1.07104e+00
 11001.4  1.05125e+00
 11002.1  9.82103e-01
 11002.7  9.64670e-01
 11003.3  9.88378e-01
 11004.0  1.01594e+00
 11004.6  1.00102e+00
 11005.2  1.04058e+00
 11005.9  1.07311e+00
 11006.5  9.98317e-01
 11007.1  9.30887e-01
 11007.8  9.76239e-01
 11008.4  1.03741e+00
 11009.0  1.00865e+00
 11009.7  1.03942e+00
 11010.3  1.03727e+00
 11010.9  1.06331e+00
 11011.6  1.09084e+00
 11012.2  1.05677e+00
 11012.8  1.08077e+00
 11013.5  1.01536e+00
 11014.1  9.82745e-01
 11014.7  1.04352e+00
 11015.4  1.00986e+00
 11016.0  9.49453e-01
 11016.6  9.78222e-01
 11017.3  9.70850e-01
 11017.9  8.81117e-01
 11018.5  8.88506e-01
 11019.2  9.83740e-01
 11019.8  9.70850e-01
 11020.5  9.94454e-01
 11021.1  1.02224e+00
 11021.7  1.03467e+00
 11022.4  9.39940e-01
 11023.0  8.63382e-01
 11023.6  9.06509e-01
 11024.3  9.80998e-01
 11024.9  1.03980e+00
 11025.5  1.04640e+00
 11026.2  1.04978e+00
 11026.8  9.82186e-01
 11027.4  8.85855e-01
 11028.1  9.28518e-01
 11028.7  1.00129e+00
 11029.3  1.00422e+00
 11030.0  9.67331e-01
 11030.6  9.67293e-01
 11031.2  1.02602e+00
 11031.9  9.85200e-01
 11032.5  9.34917e-01
 11033.1  9.25851e-01
 11033.8  9.55228e-01
 11034.4  9.91973e-01
 11035.0  9.78407e-01
 11035.7  1.00132e+00
 11036.3  9.97831e-01
 11036.9  9.98103e-01
 11037.6  1.08695e+00
 11038.2  1.13117e+00
 11038.8  1.04053e+00
 11039.5  1.09129e+00
 11040.1  1.12348e+00
 11040.7  1.03376e+00
 11041.4  8.94775e-01
 11042.0  9.20800e-01
 11042.7  1.02454e+00
 11043.3  9.83209e-01
 11043.9  9.43032e-01
 11044.6  1.01328e+00
 11045.2  1.02235e+00
 11045.8  9.72893e-01
 11046.5  9.77280e-01
 11047.1  9.63834e-01
 11047.7  9.69353e-01
 11048.4  9.83128e-01
 11049.0  1.00625e+00
 11049.6  1.06829e+00
 11050.3  1.04503e+00
 11050.9  1.00182e+00
 11051.5  1.12398e+00
 11052.2  1.11257e+00
 11052.8  8.77185e-01
 11053.4  9.21686e-01
 11054.1  1.01509e+00
 11054.7  1.03709e+00
 11055.3  1.04384e+00
 11056.0  9.65305e-01
 11056.6  9.77786e-01
 11057.2  9.49997e-01
 11057.9  9.29440e-01
 11058.5  8.93548e-01
 11059.1  9.40038e-01
 11059.8  9.41635e-01