#\*l[\oA]	F(\*l)
 10475.0  9.22411e-01
 10475.6  9.35263e-01
 10476.3  9.38479e-01
 10476.9  9.22582e-01
 10477.5  9.62553e-01
 10478.2  9.73627e-01
 10478.8  9.82004e-01
 10479.4  1.00100e+00
 10480.1  1.00098e+00
 10480.7  1.02594e+00
 10481.3  1.03056e+00
 10482.0  1.05114e+00
 10482.6  1.05646e+00
 10483.2  1.08621e+00
 10483.9  1.09797e+00
 10484.5  1.07883e+00
 10485.2  1.06801e+00
 10485.8  1.09171e+00
 10486.4  1.11754e+00
 10487.1  1.14619e+00
 10487.7  1.20507e+00
 10488.3  1.25558e+00
 10489.0  1.33222e+00
 10489.6  1.42675e+00
 10490.2  1.54846e+00
 10490.9  1.68072e+00
 10491.5  1.76156e+00
 10492.1  1.83762e+00
 10492.8  1.87636e+00
 10493.4  1.91877e+00
 10494.0  1.95005e+00
 10494.7  1.96781e+00
 10495.3  1.99307e+00
 10495.9  2.01037e+00
 10496.6  1.98954e+00
 10497.2  2.00337e+00
 10497.8  2.02256e+00
 10498.5  2.03003e+00
 10499.1  2.03790e+00
 10499.7  2.03442e+00
 10500.4  2.02318e+00
 10501.0  1.98562e+00
 10501.6  1.93738e+00
 10502.3  1.93179e+00
 10502.9  1.91207e+00
 10503.6  1.87439e+00
 10504.2  1.82292e+00
 10504.8  1.77869e+00
 10505.5  1.76315e+00
 10506.1  1.76914e+00
 10506.7  1.78511e+00
 10507.4  1.79758e+00
 10508.0  1.78849e+00
 10508.6  1.74554e+00
 10509.3  1.67528e+00
 10509.9  1.58364e+00
 10510.5  1.48735e+00
 10511.2  1.37456e+00
 10511.8  1.29855e+00
 10512.4  1.22824e+00
 10513.1  1.19631e+00
 10513.7  1.17390e+00
 10514.3  1.15197e+00
 10515.0  1.14822e+00
 10515.6  1.15787e+00
 10516.2  1.15777e+00
 10516.9  1.17286e+00
 10517.5  1.15854e+00
 10518.1  1.16586e+00
 10518.8  1.17074e+00
 10519.4  1.15262e+00
 10520.1  1.14631e+00
 10520.7  1.15293e+00
 10521.3  1.16068e+00
 10522.0  1.16062e+00
 10522.6  1.17089e+00
 10523.2  1.17603e+00
 10523.9  1.18154e+00
 10524.5  1.16340e+00
 10525.1  1.15975e+00
 10525.8  1.15899e+00
 10526.4  1.16182e+00
 10527.0  1.16269e+00
 10527.7  1.15747e+00
 10528.3  1.14726e+00
 10528.9  1.14195e+00
 10529.6  1.15804e+00
 10530.2  1.17189e+00
 10530.8  1.18156e+00
 10531.5  1.17916e+00
 10532.1  1.16993e+00
 10532.7  1.16383e+00
 10533.4  1.16688e+00
 10534.0  1.16560e+00
 10534.6  1.14583e+00
 10535.3  1.15071e+00
 10535.9  1.15063e+00
 10536.5  1.15254e+00
 10537.2  1.16034e+00
 10537.8  1.16632e+00
 10538.5  1.17110e+00
 10539.1  1.16200e+00
 10539.7  1.16207e+00
 10540.4  1.16252e+00
 10541.0  1.14112e+00
 10541.6  1.13163e+00
 10542.3  1.13975e+00
 10542.9  1.14237e+00
 10543.5  1.14297e+00
 10544.2  1.13999e+00
 10544.8  1.14184e+00
 10545.4  1.12865e+00
 10546.1  1.11998e+00
 10546.7  1.12370e+00
 10547.3  1.10960e+00
 10548.0  1.10778e+00
 10548.6  1.08887e+00
 10549.2  1.07619e+00
 10549.9  1.07391e+00
 10550.5  1.08474e+00
 10551.1  1.07881e+00
 10551.8  1.06488e+00
 10552.4  1.05210e+00
 10553.0  1.05079e+00
 10553.7  1.03998e+00
 10554.3  1.02437e+00
 10554.9  1.03278e+00
 10555.6  1.03802e+00
 10556.2  1.01994e+00
 10556.9  1.02052e+00
 10557.5  1.00453e+00
 10558.1  9.85350e-01
 10558.8  9.99686e-01
 10559.4  1.00096e+00
 10560.0  9.90415e-01
 10560.7  9.96793e-01
 10561.3  9.96429e-01
 10561.9  9.90937e-01
 10562.6  9.77893e-01
 10563.2  9.71911e-01
 10563.8  9.78509e-01
 10564.5  9.86147e-01
 10565.1  9.84038e-01
 10565.7  9.90437e-01
 10566.4  9.79359e-01
 10567.0  9.80750e-01
 10567.6  9.91534e-01
 10568.3  1.00336e+00
 10568.9  9.98960e-01
 10569.5  9.91848e-01
 10570.2  9.87403e-01
 10570.8  9.81344e-01
 10571.4  9.83259e-01
 10572.1  9.88376e-01
 10572.7  9.91304e-01
 10573.3  9.78182e-01
 10574.0  9.68455e-01
 10574.6  9.85863e-01
 10575.3  9.89385e-01
 10575.9  9.81423e-01
 10576.5  9.74934e-01
 10577.2  9.82321e-01
 10577.8  9.97390e-01
 10578.4  9.95206e-01
 10579.1  9.85413e-01
 10579.7  9.85531e-01
 10580.3  9.90130e-01
 10581.0  9.88610e-01
 10581.6  9.95999e-01
 10582.2  9.98717e-01
 10582.9  1.00534e+00
 10583.5  1.00922e+00
 10584.1  1.00468e+00
 10584.8  9.97357e-01
 10585.4  9.97287e-01
 10586.0  9.92959e-01
 10586.7  1.00148e+00
 10587.3  1.02053e+00
 10587.9  1.02432e+00
 10588.6  1.01329e+00
 10589.2  1.00241e+00
 10589.8  1.01733e+00
 10590.5  1.02044e+00
 10591.1  1.01548e+00
 10591.8  1.02432e+00
 10592.4  1.04119e+00
 10593.0  1.03825e+00
 10593.7  1.03180e+00
 10594.3  1.03119e+00
 10594.9  1.04246e+00
 10595.6  1.04538e+00
 10596.2  1.03963e+00
 10596.8  1.03582e+00
 10597.5  1.02828e+00
 10598.1  1.02712e+00
 10598.7  1.02726e+00
 10599.4  1.02481e+00
 10600.0  1.01780e+00
 10600.6  1.02169e+00
 10601.3  1.02744e+00
 10601.9  1.02703e+00
 10602.5  1.02380e+00
 10603.2  1.00531e+00
 10603.8  9.97251e-01
 10604.4  1.00540e+00
 10605.1  1.00299e+00
 10605.7  9.96410e-01
 10606.3  9.94418e-01
 10607.0  9.96199e-01
 10607.6  9.92233e-01
 10608.2  9.98853e-01
 10608.9  1.00793e+00
 10609.5  9.83969e-01
 10610.2  9.75811e-01
 10610.8  9.87306e-01
 10611.4  9.98695e-01
 10612.1  1.01260e+00
 10612.7  1.01161e+00
 10613.3  9.97296e-01
 10614.0  9.99969e-01
 10614.6  9.99343e-01
 10615.2  9.90750e-01
 10615.9  1.01671e+00
 10616.5  1.03234e+00
 10617.1  1.00899e+00
 10617.8  9.92026e-01
 10618.4  9.97071e-01
 10619.0  1.01657e+00
 10619.7  1.00887e+00
 10620.3  1.00764e+00
 10620.9  1.00413e+00
 10621.6  1.00633e+00
 10622.2  1.01395e+00
 10622.8  1.00236e+00
 10623.5  9.95937e-01
 10624.1  9.93085e-01
 10624.7  1.00268e+00
 10625.4  1.01578e+00
 10626.0  1.00587e+00
 10626.6  9.87702e-01
 10627.3  9.86945e-01
 10627.9  1.00926e+00
 10628.6  1.01097e+00
 10629.2  9.89621e-01
 10629.8  9.98667e-01
 10630.5  9.96341e-01
 10631.1  9.84870e-01
 10631.7  9.84143e-01
 10632.4  9.84128e-01
 10633.0  9.90096e-01
 10633.6  9.95512e-01
 10634.3  9.96867e-01
 10634.9  9.96333e-01
 10635.5  1.00827e+00
 10636.2  1.00034e+00
 10636.8  9.86383e-01
 10637.4  9.94414e-01
 10638.1  1.00795e+00
 10638.7  1.01299e+00
 10639.3  1.00585e+00
 10640.0  1.00845e+00
 10640.6  9.99799e-01
 10641.2  1.00082e+00
 10641.9  1.00944e+00
 10642.5  9.92209e-01
 10643.1  9.66766e-01
 10643.8  9.79314e-01
 10644.4  9.91022e-01
 10645.1  9.85843e-01
 10645.7  1.00894e+00
 10646.3  1.01770e+00
 10647.0  1.00599e+00
 10647.6  1.00373e+00
 10648.2  1.00389e+00
 10648.9  1.00537e+00
 10649.5  1.01827e+00
 10650.1  1.02371e+00
 10650.8  1.02806e+00
 10651.4  1.04477e+00
 10652.0  1.03839e+00
 10652.7  1.02618e+00
 10653.3  1.02226e+00
 10653.9  1.01299e+00
 10654.6  9.98639e-01
 10655.2  9.89959e-01
 10655.8  9.84660e-01
 10656.5  9.79325e-01
 10657.1  9.74231e-01
 10657.7  9.70646e-01
 10658.4  9.67975e-01
 10659.0  9.62666e-01
 10659.6  9.64127e-01
 10660.3  9.47510e-01
 10660.9  9.37293e-01
 10661.5  9.58678e-01
 10662.2  9.82416e-01
 10662.8  9.98155e-01
 10663.5  1.00940e+00
 10664.1  1.02169e+00
 10664.7  1.01909e+00
 10665.4  1.03248e+00
 10666.0  1.04715e+00
 10666.6  1.04515e+00
 10667.3  1.04873e+00
 10667.9  1.05730e+00
 10668.5  1.03956e+00
 10669.2  1.02874e+00
 10669.8  1.03457e+00
 10670.4  1.03722e+00
 10671.1  1.04390e+00
 10671.7  1.02694e+00
 10672.3  1.00501e+00
 10673.0  1.00791e+00
 10673.6  9.98948e-01
 10674.2  1.00499e+00
 10674.9  1.01021e+00
 10675.5  1.00269e+00
 10676.1  9.81842e-01
 10676.8  9.75350e-01
 10677.4  9.94868e-01
 10678.0  1.00203e+00
 10678.7  9.94587e-01
 10679.3  9.87729e-01
 10679.9  1.00660e+00
 10680.6  1.00619e+00
 10681.2  9.95345e-01
 10681.9  1.01629e+00
 10682.5  1.01682e+00
 10683.1  1.00072e+00
 10683.8  1.01001e+00
 10684.4  1.02288e+00
 10685.0  1.00617e+00
 10685.7  1.00293e+00
 10686.3  1.00284e+00
 10686.9  1.00210e+00
 10687.6  9.89592e-01
 10688.2  9.78092e-01
 10688.8  9.83157e-01
 10689.5  9.91215e-01
 10690.1  1.00419e+00
 10690.7  9.94663e-01
 10691.4  9.92139e-01
 10692.0  9.99397e-01
 10692.6  9.91660e-01
 10693.3  9.84094e-01
 10693.9  9.78879e-01
 10694.5  9.77447e-01
 10695.2  9.63889e-01
 10695.8  9.32765e-01
 10696.4  9.13793e-01
 10697.1  9.16995e-01
 10697.7  9.31816e-01
 10698.3  9.22998e-01
 10699.0  9.40762e-01
 10699.6  9.60744e-01
 10700.3  9.61690e-01
 10700.9  9.78272e-01
 10701.5  9.99119e-01
 10702.2  9.85203e-01
 10702.8  9.71290e-01
 10703.4  9.87930e-01
 10704.1  9.98229e-01
 10704.7  1.00120e+00
 10705.3  9.97816e-01
 10706.0  9.97988e-01
 10706.6  1.01363e+00
 10707.2  1.01237e+00
 10707.9  1.02029e+00
 10708.5  1.03884e+00
 10709.1  1.04175e+00
 10709.8  1.04857e+00
 10710.4  1.03430e+00
 10711.0  1.02538e+00
 10711.7  1.01224e+00
 10712.3  1.01177e+00
 10712.9  1.02517e+00
 10713.6  1.04314e+00
 10714.2  1.04266e+00
 10714.8  1.03051e+00
 10715.5  1.02520e+00
 10716.1  1.02871e+00
 10716.8  1.02067e+00
 10717.4  1.00267e+00
 10718.0  1.00690e+00
 10718.7  1.01811e+00
 10719.3  1.01379e+00
 10719.9  1.00136e+00
 10720.6  1.00220e+00
 10721.2  1.03059e+00
 10721.8  1.03504e+00
 10722.5  9.98322e-01
 10723.1  9.86777e-01
 10723.7  1.00214e+00
 10724.4  9.99103e-01
 10725.0  1.00382e+00
 10725.6  1.00300e+00
 10726.3  9.85779e-01
 10726.9  9.80990e-01
 10727.5  9.79768e-01
 10728.2  9.91881e-01
 10728.8  1.00069e+00
 10729.4  9.91917e-01
 10730.1  9.86627e-01
 10730.7  9.92310e-01
 10731.3  9.90888e-01
 10732.0  9.92824e-01
 10732.6  9.82943e-01
 10733.2  9.61780e-01
 10733.9  9.80609e-01
 10734.5  9.87571e-01
 10735.2  9.72401e-01
 10735.8  9.82390e-01
 10736.4  9.81564e-01
 10737.1  9.71332e-01
 10737.7  9.81821e-01
 10738.3  9.79161e-01
 10739.0  9.86538e-01
 10739.6  1.00923e+00
 10740.2  9.98464e-01
 10740.9  1.00191e+00
 10741.5  1.01056e+00
 10742.1  9.79586e-01
 10742.8  9.70700e-01
 10743.4  9.93521e-01
 10744.0  1.00640e+00
 10744.7  9.97779e-01
 10745.3  9.88894e-01
 10745.9  9.94874e-01
 10746.6  9.99306e-01
 10747.2  1.00543e+00
 10747.8  1.01752e+00
 10748.5  1.00761e+00
 10749.1  1.00936e+00
 10749.7  1.03071e+00
 10750.4  1.01847e+00
 10751.0  1.01029e+00
 10751.6  1.00773e+00
 10752.3  9.96089e-01
 10752.9  1.01100e+00
 10753.6  1.01560e+00
 10754.2  1.01781e+00
 10754.8  1.02275e+00
 10755.5  1.01891e+00
 10756.1  9.96076e-01
 10756.7  9.87725e-01
 10757.4  9.96223e-01
 10758.0  9.85765e-01
 10758.6  9.79086e-01
 10759.3  9.83429e-01
 10759.9  9.81483e-01
 10760.5  9.83418e-01
 10761.2  9.89583e-01
 10761.8  1.00807e+00
 10762.4  1.03085e+00
 10763.1  1.01915e+00
 10763.7  1.00355e+00
 10764.3  1.00650e+00
 10765.0  1.00000e+00
 10765.6  1.00993e+00
 10766.2  1.00056e+00
 10766.9  9.73754e-01
 10767.5  9.67047e-01
 10768.1  9.62401e-01
 10768.8  9.59800e-01
 10769.4  9.84132e-01
 10770.0  9.89558e-01
 10770.7  9.58310e-01
 10771.3  9.42882e-01
 10772.0  9.67952e-01
 10772.6  9.92386e-01
 10773.2  1.00634e+00
 10773.9  1.00998e+00
 10774.5  9.99061e-01
 10775.1  9.81427e-01
 10775.8  9.74686e-01
 10776.4  9.72771e-01
 10777.0  9.85460e-01
 10777.7  9.78772e-01
 10778.3  9.54700e-01
 10778.9  9.36907e-01
 10779.6  9.03569e-01
 10780.2  8.98963e-01
 10780.8  9.30145e-01
 10781.5  9.51240e-01
 10782.1  9.88619e-01
 10782.7  1.01253e+00
 10783.4  1.00109e+00
 10784.0  9.91755e-01
 10784.6  9.97030e-01
 10785.3  9.94447e-01
 10785.9  9.94693e-01
 10786.5  9.99860e-01
 10787.2  9.94970e-01
 10787.8  1.00906e+00
 10788.5  1.02156e+00
 10789.1  1.03230e+00
 10789.7  1.03820e+00
 10790.4  1.01111e+00
 10791.0  9.89263e-01
 10791.6  9.93368e-01
 10792.3  1.01414e+00
 10792.9  1.01900e+00
 10793.5  1.01063e+00
 10794.2  1.01150e+00
 10794.8  1.02656e+00
 10795.4  1.03507e+00
 10796.1  1.03210e+00
 10796.7  1.04835e+00
 10797.3  1.05585e+00
 10798.0  1.03994e+00
 10798.6  1.00570e+00
 10799.2  1.01762e+00
 10799.9  1.07798e+00
 10800.5  1.09193e+00
 10801.1  1.07623e+00
 10801.8  1.07710e+00
 10802.4  1.06862e+00
 10803.0  1.06870e+00
 10803.7  1.08891e+00
 10804.3  1.10490e+00
 10804.9  1.10611e+00
 10805.6  1.09221e+00
 10806.2  1.09643e+00
 10806.9  1.11404e+00
 10807.5  1.09277e+00
 10808.1  1.07604e+00
 10808.8  1.09152e+00
 10809.4  1.08103e+00
 10810.0  1.04105e+00
 10810.7  1.06150e+00
 10811.3  1.05768e+00
 10811.9  9.86252e-01
 10812.6  9.20634e-01
 10813.2  8.64350e-01
 10813.8  7.78662e-01
 10814.5  6.77395e-01
 10815.1  5.71504e-01
 10815.7  4.91147e-01
 10816.4  4.52761e-01
 10817.0  4.13421e-01
 10817.6  3.88515e-01
 10818.3  3.80757e-01
 10818.9  3.84322e-01
 10819.5  4.33672e-01
 10820.2  5.12226e-01
 10820.8  6.47780e-01
 10821.4  8.64374e-01
 10822.1  1.14860e+00
 10822.7  1.49425e+00
 10823.3  1.89726e+00
 10824.0  2.30622e+00
 10824.6  2.69996e+00
 10825.3  3.08576e+00
 10825.9  3.41699e+00
 10826.5  3.67449e+00
 10827.2  3.91385e+00
 10827.8  4.11562e+00
 10828.4  4.22327e+00
 10829.1  4.25998e+00
 10829.7  4.27406e+00
 10830.3  4.21895e+00
 10831.0  3.97104e+00
 10831.6  3.78207e+00
 10832.2  3.83554e+00
 10832.9  3.71604e+00
 10833.5  3.42395e+00
 10834.1  3.26104e+00
 10834.8  3.09826e+00
 10835.4  2.90149e+00
 10836.0  2.72474e+00
 10836.7  2.51457e+00
 10837.3  2.31367e+00
 10837.9  2.17139e+00
 10838.6  2.03294e+00
 10839.2  1.86712e+00
 10839.8  1.71587e+00
 10840.5  1.62013e+00
 10841.1  1.54740e+00
 10841.7  1.47111e+00
 10842.4  1.38314e+00
 10843.0  1.37140e+00
 10843.7  1.36684e+00
 10844.3  1.29953e+00
 10844.9  1.28010e+00
 10845.6  1.27596e+00
 10846.2  1.26985e+00
 10846.8  1.28297e+00
 10847.5  1.30680e+00
 10848.1  1.33582e+00
 10848.7  1.38111e+00
 10849.4  1.46216e+00
 10850.0  1.52145e+00
 10850.6  1.57176e+00
 10851.3  1.64926e+00
 10851.9  1.72622e+00
 10852.5  1.78669e+00
 10853.2  1.83400e+00
 10853.8  1.86505e+00
 10854.4  1.88866e+00
 10855.1  1.92239e+00
 10855.7  1.89790e+00
 10856.3  1.82225e+00
 10857.0  1.86317e+00
 10857.6  1.97274e+00
 10858.2  1.95397e+00
 10858.9  1.82195e+00
 10859.5  1.83762e+00
 10860.2  2.10712e+00
 10860.8  2.19663e+00
 10861.4  2.05049e+00
 10862.1  1.98823e+00
 10862.7  1.94827e+00
 10863.3  1.94730e+00
 10864.0  1.98901e+00
 10864.6  1.96977e+00
 10865.2  1.92669e+00
 10865.9  1.87327e+00
 10866.5  1.82848e+00
 10867.1  1.79225e+00
 10867.8  1.82843e+00
 10868.4  1.89358e+00
 10869.0  1.88979e+00
 10869.7  1.84187e+00
 10870.3  1.74405e+00
 10870.9  1.66349e+00
 10871.6  1.57949e+00
 10872.2  1.50055e+00
 10872.8  1.42418e+00
 10873.5  1.33708e+00
 10874.1  1.28747e+00
 10874.7  1.24056e+00
 10875.4  1.18360e+00
 10876.0  1.16681e+00
 10876.6  1.17126e+00
 10877.3  1.15836e+00
 10877.9  1.14440e+00
 10878.6  1.15106e+00
 10879.2  1.14712e+00
 10879.8  1.12199e+00
 10880.5  1.10821e+00
 10881.1  1.08152e+00
 10881.7  1.08509e+00
 10882.4  1.10248e+00
 10883.0  1.08238e+00
 10883.6  1.05266e+00
 10884.3  1.03581e+00
 10884.9  1.02309e+00
 10885.5  1.01000e+00
 10886.2  1.00599e+00
 10886.8  1.03424e+00
 10887.4  1.02150e+00
 10888.1  9.90861e-01
 10888.7  1.03909e+00
 10889.3  1.08280e+00
 10890.0  1.05784e+00
 10890.6  1.03253e+00
 10891.2  1.01208e+00
 10891.9  1.00865e+00
 10892.5  1.03133e+00
 10893.1  1.01662e+00
 10893.8  9.94456e-01
 10894.4  9.89953e-01
 10895.0  9.88267e-01
 10895.7  9.86617e-01
 10896.3  9.84352e-01
 10897.0  9.84571e-01
 10897.6  9.50614e-01
 10898.2  9.51041e-01
 10898.9  9.89568e-01
 10899.5  9.66126e-01
 10900.1  9.14904e-01
 10900.8  9.77312e-01
 10901.4  1.08869e+00
 10902.0  1.08118e+00
 10902.7  1.04110e+00
 10903.3  1.06858e+00
 10903.9  1.15322e+00
 10904.6  1.22263e+00
 10905.2  1.25388e+00
 10905.8  1.28249e+00
 10906.5  1.33840e+00
 10907.1  1.40709e+00
 10907.7  1.47479e+00
 10908.4  1.52108e+00
 10909.0  1.58585e+00
 10909.6  1.68192e+00
 10910.3  1.74112e+00
 10910.9  1.80352e+00
 10911.5  1.85887e+00
 10912.2  1.84570e+00
 10912.8  1.83208e+00
 10913.5  1.83964e+00
 10914.1  1.84153e+00
 10914.7  1.83310e+00
 10915.4  1.83452e+00
 10916.0  1.80376e+00
 10916.6  1.75462e+00
 10917.3  1.71106e+00
 10917.9  1.66319e+00
 10918.5  1.59843e+00
 10919.2  1.53540e+00
 10919.8  1.46681e+00
 10920.4  1.37589e+00
 10921.1  1.26269e+00
 10921.7  1.10986e+00
 10922.3  9.85115e-01
 10923.0  1.00122e+00
 10923.6  1.00715e+00
 10924.2  9.52459e-01
 10924.9  1.03948e+00
 10925.5  1.16048e+00
 10926.1  1.20469e+00
 10926.8  1.27419e+00
 10927.4  1.40155e+00
 10928.0  1.53437e+00
 10928.7  1.71767e+00
 10929.3  1.94747e+00
 10929.9  2.15007e+00
 10930.6  2.41733e+00
 10931.2  2.74173e+00
 10931.9  2.94888e+00
 10932.5  3.11301e+00
 10933.1  3.29882e+00
 10933.8  3.43456e+00
 10934.4  3.50028e+00
 10935.0  3.75173e+00
 10935.7  4.03777e+00
 10936.3  4.17161e+00
 10936.9  4.22278e+00
 10937.6  4.25186e+00
 10938.2  4.23547e+00
 10938.8  4.20728e+00
 10939.5  4.13158e+00
 10940.1  4.01176e+00
 10940.7  3.86571e+00
 10941.4  3.65355e+00
 10942.0  3.49314e+00
 10942.6  3.46605e+00
 10943.3  3.42020e+00
 10943.9  3.29269e+00
 10944.5  3.17884e+00
 10945.2  2.93299e+00
 10945.8  2.65684e+00
 10946.4  2.67666e+00
 10947.1  2.61557e+00
 10947.7  2.36943e+00
 10948.3  2.14202e+00
 10949.0  1.95996e+00
 10949.6  1.81437e+00
 10950.3  1.75570e+00
 10950.9  1.72293e+00
 10951.5  1.63309e+00
 10952.2  1.59706e+00
 10952.8  1.54936e+00
 10953.4  1.49456e+00
 10954.1  1.48664e+00
 10954.7  1.45208e+00
 10955.3  1.36571e+00
 10956.0  1.34959e+00
 10956.6  1.40450e+00
 10957.2  1.43371e+00
 10957.9  1.39173e+00
 10958.5  1.28411e+00
 10959.1  1.19829e+00
 10959.8  1.22806e+00
 10960.4  1.27153e+00
 10961.0  1.20548e+00
 10961.7  1.13757e+00
 10962.3  1.13662e+00
 10962.9  1.14555e+00
 10963.6  1.12821e+00
 10964.2  1.11009e+00
 10964.8  1.10443e+00
 10965.5  1.11443e+00
 10966.1  1.08207e+00
 10966.7  1.06493e+00
 10967.4  1.05982e+00
 10968.0  1.03370e+00
 10968.7  1.04614e+00
 10969.3  1.06663e+00
 10969.9  1.06013e+00
 10970.6  1.03944e+00
 10971.2  1.04577e+00
 10971.8  1.02427e+00
 10972.5  1.01037e+00
 10973.1  1.03428e+00
 10973.7  1.03733e+00
 10974.4  1.00263e+00
 10975.0  9.58037e-01
 10975.6  9.50538e-01
 10976.3  1.01152e+00
 10976.9  1.03562e+00
 10977.5  1.01282e+00
 10978.2  1.00110e+00
 10978.8  1.02050e+00
 10979.4  1.02772e+00
 10980.1  9.89082e-01
 10980.7  9.87526e-01
 10981.3  9.97661e-01
 10982.0  9.73571e-01
 10982.6  9.86946e-01
 10983.2  9.94840e-01
 10983.9  9.70956e-01
 10984.5  9.69198e-01
 10985.2  9.45238e-01
 10985.8  9.77245e-01
 10986.4  1.03482e+00
 10987.1  1.00365e+00
 10987.7  9.68891e-01
 10988.3  9.87145e-01
 10989.0  1.01808e+00
 10989.6  9.83345e-01
 10990.2  9.42081e-01
 10990.9  9.39691e-01
 10991.5  9.63602e-01
 10992.1  9.72351e-01
 10992.8  9.39450e-01
 10993.4  9.13167e-01
 10994.0  1.01858e+00
 10994.7  1.04839e+00
 10995.3  9.94622e-01
 10995.9  9.99100e-01
 10996.6  1.01545e+00
 10997.2  1.01693e+00
 10997.8  9.76382e-01
 10998.5  9.69983e-01
 10999.1  1.00243e+00
 10999.7  1.04576e+00
 11000.4  1.01521e+00
 11001.0  9.47377e-01
 11001.6  9.14412e-01
 11002.3  9.44408e-01
 11002.9  1.00536e+00
 11003.6  1.02277e+00
 11004.2  1.02747e+00
 11004.8  9.89822e-01
 11005.5  9.29539e-01
 11006.1  8.67013e-01
 11006.7  9.05120e-01
 11007.4  1.04417e+00
 11008.0  1.12051e+00
 11008.6  1.06804e+00
 11009.3  1.04422e+00
 11009.9  1.07633e+00
 11010.5  1.05769e+00
 11011.2  1.01969e+00
 11011.8  1.01005e+00
 11012.4  9.95167e-01
 11013.1  1.00460e+00
 11013.7  1.03299e+00
 11014.3  1.04114e+00
 11015.0  9.88176e-01
 11015.6  9.42471e-01
 11016.2  1.04858e+00
 11016.9  1.04513e+00
 11017.5  9.70729e-01
 11018.1  9.69677e-01
 11018.8  1.02744e+00
 11019.4  1.03301e+00
 11020.0  1.02337e+00
 11020.7  1.02083e+00
 11021.3  1.01979e+00
 11022.0  9.45815e-01
 11022.6  8.78856e-01
 11023.2  9.51640e-01
 11023.9  1.03518e+00
 11024.5  1.05356e+00
 11025.1  1.01570e+00
 11025.8  9.77928e-01
 11026.4  9.23538e-01
 11027.0  9.36765e-01
 11027.7  1.08516e+00
 11028.3  1.13907e+00
 11028.9  1.00688e+00
 11029.6  9.71215e-01
 11030.2  1.04289e+00
 11030.8  9.87544e-01
 11031.5  8.84443e-01
 11032.1  9.21279e-01
 11032.7  1.03594e+00
 11033.4  1.01838e+00
 11034.0  9.78587e-01
 11034.6  9.39509e-01
 11035.3  9.25169e-01
 11035.9  9.17883e-01
 11036.5  9.31792e-01
 11037.2  9.54870e-01
 11037.8  8.96375e-01
 11038.4  8.74383e-01
 11039.1  9.61481e-01
 11039.7  1.01889e+00
 11040.4  9.80927e-01
 11041.0  9.76488e-01
 11041.6  1.21868e+00
 11042.3  1.30894e+00
 11042.9  1.17244e+00
 11043.5  1.08198e+00
 11044.2  1.10478e+00
 11044.8  1.08733e+00
 11045.4  1.13230e+00
 11046.1  1.21428e+00
 11046.7  1.25154e+00
 11047.3  1.19065e+00
 11048.0  1.12690e+00
 11048.6  1.10041e+00
 11049.2  1.10388e+00
 11049.9  1.12447e+00
 11050.5  1.07537e+00
 11051.1  1.01571e+00
 11051.8  1.00897e+00
 11052.4  1.00605e+00
 11053.0  1.09327e+00
 11053.7  1.10195e+00
 11054.3  1.02999e+00
 11054.9  1.01134e+00
 11055.6  9.68840e-01
 11056.2  9.70813e-01
 11056.9  9.93346e-01
 11057.5  9.34214e-01
 11058.1  9.49035e-01
 11058.8  9.80434e-01
 11059.4  9.76437e-01
 11060.0  1.14255e+00