#\*l[\oA]	F(\*l)
 10414.3  1.32838e+00
 10414.9  1.31241e+00
 10415.6  1.35349e+00
 10416.2  1.34933e+00
 10416.8  1.37838e+00
 10417.5  1.41450e+00
 10418.1  1.34334e+00
 10418.8  1.36782e+00
 10419.4  1.38142e+00
 10420.0  1.39918e+00
 10420.7  1.38435e+00
 10421.3  1.38768e+00
 10421.9  1.39180e+00
 10422.6  1.39386e+00
 10423.2  1.36036e+00
 10423.8  1.36699e+00
 10424.5  1.38719e+00
 10425.1  1.34163e+00
 10425.7  1.38036e+00
 10426.4  1.36642e+00
 10427.0  1.39633e+00
 10427.6  1.36526e+00
 10428.3  1.38521e+00
 10428.9  1.33311e+00
 10429.5  1.37313e+00
 10430.2  1.37216e+00
 10430.8  1.36375e+00
 10431.4  1.33645e+00
 10432.1  1.36764e+00
 10432.7  1.36071e+00
 10433.3  1.35631e+00
 10434.0  1.34636e+00
 10434.6  1.33910e+00
 10435.2  1.35061e+00
 10435.9  1.31858e+00
 10436.5  1.27650e+00
 10437.1  1.29772e+00
 10437.8  1.30953e+00
 10438.4  1.29911e+00
 10439.0  1.31769e+00
 10439.7  1.29196e+00
 10440.3  1.26827e+00
 10441.0  1.30641e+00
 10441.6  1.30855e+00
 10442.2  1.29337e+00
 10442.9  1.30655e+00
 10443.5  1.28106e+00
 10444.1  1.30828e+00
 10444.8  1.28787e+00
 10445.4  1.27814e+00
 10446.0  1.24649e+00
 10446.7  1.26557e+00
 10447.3  1.26989e+00
 10447.9  1.26906e+00
 10448.6  1.24763e+00
 10449.2  1.27119e+00
 10449.8  1.22804e+00
 10450.5  1.27398e+00
 10451.1  1.23344e+00
 10451.7  1.27072e+00
 10452.4  1.25677e+00
 10453.0  1.22926e+00
 10453.6  1.25029e+00
 10454.3  1.21551e+00
 10454.9  1.22356e+00
 10455.5  1.19746e+00
 10456.2  1.17850e+00
 10456.8  1.21438e+00
 10457.4  1.12877e+00
 10458.1  1.19234e+00
 10458.7  1.18632e+00
 10459.3  1.19538e+00
 10460.0  1.18832e+00
 10460.6  1.16612e+00
 10461.2  1.16611e+00
 10461.9  1.14927e+00
 10462.5  1.14243e+00
 10463.2  1.14751e+00
 10463.8  1.14142e+00
 10464.4  1.13305e+00
 10465.1  1.12507e+00
 10465.7  1.13825e+00
 10466.3  1.13877e+00
 10467.0  1.13725e+00
 10467.6  1.11055e+00
 10468.2  1.09849e+00
 10468.9  1.08330e+00
 10469.5  1.09390e+00
 10470.1  1.09405e+00
 10470.8  1.06828e+00
 10471.4  1.06363e+00
 10472.0  1.04438e+00
 10472.7  1.08146e+00
 10473.3  1.07834e+00
 10473.9  1.05526e+00
 10474.6  1.05395e+00
 10475.2  1.07627e+00
 10475.8  1.05875e+00
 10476.5  1.02943e+00
 10477.1  1.03415e+00
 10477.7  1.05912e+00
 10478.4  1.07337e+00
 10479.0  1.04465e+00
 10479.6  1.02815e+00
 10480.3  1.05767e+00
 10480.9  1.02781e+00
 10481.5  1.04133e+00
 10482.2  1.03504e+00
 10482.8  1.02913e+00
 10483.4  1.04532e+00
 10484.1  1.02076e+00
 10484.7  9.92338e-01
 10485.4  1.02852e+00
 10486.0  1.02528e+00
 10486.6  1.03183e+00
 10487.3  1.02031e+00
 10487.9  1.01813e+00
 10488.5  1.00192e+00
 10489.2  1.03129e+00
 10489.8  1.02939e+00
 10490.4  1.02222e+00
 10491.1  1.01307e+00
 10491.7  1.02740e+00
 10492.3  9.94330e-01
 10493.0  1.00695e+00
 10493.6  1.02915e+00
 10494.2  1.01627e+00
 10494.9  1.02378e+00
 10495.5  9.99473e-01
 10496.1  1.02102e+00
 10496.8  1.02310e+00
 10497.4  9.99319e-01
 10498.0  1.01205e+00
 10498.7  9.80648e-01
 10499.3  1.01761e+00
 10499.9  1.01171e+00
 10500.6  9.95318e-01
 10501.2  1.02348e+00
 10501.8  1.00440e+00
 10502.5  9.98578e-01
 10503.1  1.00949e+00
 10503.7  1.00817e+00
 10504.4  9.82296e-01
 10505.0  1.03995e+00
 10505.7  1.00043e+00
 10506.3  1.02845e+00
 10506.9  9.90636e-01
 10507.6  1.01049e+00
 10508.2  1.00625e+00
 10508.8  1.01781e+00
 10509.5  1.01576e+00
 10510.1  1.00570e+00
 10510.7  9.94746e-01
 10511.4  1.00244e+00
 10512.0  1.01984e+00
 10512.6  1.00494e+00
 10513.3  1.01720e+00
 10513.9  9.80127e-01
 10514.5  1.00994e+00
 10515.2  1.01214e+00
 10515.8  1.01335e+00
 10516.4  1.04193e+00
 10517.1  1.01432e+00
 10517.7  9.82840e-01
 10518.3  9.74131e-01
 10519.0  1.00723e+00
 10519.6  1.00735e+00
 10520.2  1.00287e+00
 10520.9  1.00488e+00
 10521.5  1.00708e+00
 10522.1  1.00614e+00
 10522.8  1.01840e+00
 10523.4  1.00701e+00
 10524.0  9.92677e-01
 10524.7  1.00372e+00
 10525.3  9.91952e-01
 10525.9  1.00914e+00
 10526.6  9.92932e-01
 10527.2  9.68979e-01
 10527.9  9.74240e-01
 10528.5  9.63015e-01
 10529.1  9.88474e-01
 10529.8  9.88829e-01
 10530.4  9.90112e-01
 10531.0  1.00995e+00
 10531.7  1.00438e+00
 10532.3  1.01613e+00
 10532.9  9.89406e-01
 10533.6  9.75970e-01
 10534.2  1.01054e+00
 10534.8  9.86176e-01
 10535.5  9.97429e-01
 10536.1  9.65628e-01
 10536.7  1.00477e+00
 10537.4  9.92885e-01
 10538.0  1.03924e+00
 10538.6  9.89809e-01
 10539.3  1.01514e+00
 10539.9  1.03561e+00
 10540.5  1.00638e+00
 10541.2  1.01062e+00
 10541.8  1.02055e+00
 10542.4  1.00784e+00
 10543.1  9.94683e-01
 10543.7  9.81330e-01
 10544.3  1.00684e+00
 10545.0  1.01516e+00
 10545.6  1.02140e+00
 10546.2  9.69092e-01
 10546.9  9.86535e-01
 10547.5  9.91454e-01
 10548.1  9.56066e-01
 10548.8  1.00065e+00
 10549.4  9.49779e-01
 10550.1  9.66592e-01
 10550.7  1.02272e+00
 10551.3  9.98622e-01
 10552.0  9.85343e-01
 10552.6  9.94649e-01
 10553.2  9.74899e-01
 10553.9  1.00079e+00
 10554.5  9.91060e-01
 10555.1  9.94937e-01
 10555.8  1.02809e+00
 10556.4  1.00113e+00
 10557.0  1.01677e+00
 10557.7  1.01025e+00
 10558.3  9.95697e-01
 10558.9  1.02368e+00
 10559.6  9.79939e-01
 10560.2  9.76827e-01
 10560.8  9.97650e-01
 10561.5  9.75491e-01
 10562.1  9.98930e-01
 10562.7  9.81553e-01
 10563.4  9.91109e-01
 10564.0  9.78293e-01
 10564.6  1.01751e+00
 10565.3  9.97685e-01
 10565.9  9.65641e-01
 10566.5  9.69999e-01
 10567.2  1.01273e+00
 10567.8  9.94253e-01
 10568.4  1.00178e+00
 10569.1  9.94938e-01
 10569.7  9.87148e-01
 10570.3  9.77850e-01
 10571.0  9.83751e-01
 10571.6  1.00582e+00
 10572.3  9.87153e-01
 10572.9  9.99850e-01
 10573.5  9.75104e-01
 10574.2  9.86186e-01
 10574.8  1.02396e+00
 10575.4  1.01818e+00
 10576.1  9.85604e-01
 10576.7  9.96480e-01
 10577.3  9.81751e-01
 10578.0  9.76703e-01
 10578.6  9.71618e-01
 10579.2  9.80803e-01
 10579.9  9.97947e-01
 10580.5  9.85008e-01
 10581.1  1.00211e+00
 10581.8  1.01826e+00
 10582.4  1.01377e+00
 10583.0  1.00522e+00
 10583.7  9.78984e-01
 10584.3  9.90078e-01
 10584.9  9.67704e-01
 10585.6  9.85760e-01
 10586.2  1.00235e+00
 10586.8  9.88162e-01
 10587.5  1.00012e+00
 10588.1  9.91803e-01
 10588.7  9.73499e-01
 10589.4  9.85977e-01
 10590.0  9.92111e-01
 10590.6  9.94899e-01
 10591.3  9.95342e-01
 10591.9  1.00503e+00
 10592.6  1.00267e+00
 10593.2  9.90583e-01
 10593.8  9.73837e-01
 10594.5  9.74363e-01
 10595.1  9.90728e-01
 10595.7  9.83359e-01
 10596.4  9.94427e-01
 10597.0  1.00230e+00
 10597.6  9.98664e-01
 10598.3  9.90553e-01
 10598.9  9.90529e-01
 10599.5  9.93809e-01
 10600.2  1.00688e+00
 10600.8  9.99125e-01
 10601.4  9.98317e-01
 10602.1  9.69594e-01
 10602.7  9.82822e-01
 10603.3  1.00018e+00
 10604.0  9.88131e-01
 10604.6  9.55193e-01
 10605.2  9.99677e-01
 10605.9  9.99349e-01
 10606.5  9.89130e-01
 10607.1  1.02295e+00
 10607.8  9.85968e-01
 10608.4  9.85736e-01
 10609.0  9.72853e-01
 10609.7  9.90527e-01
 10610.3  9.81132e-01
 10610.9  9.88167e-01
 10611.6  1.00615e+00
 10612.2  1.01537e+00
 10612.8  1.00315e+00
 10613.5  9.91095e-01
 10614.1  1.00582e+00
 10614.8  1.00528e+00
 10615.4  9.80638e-01
 10616.0  9.94203e-01
 10616.7  9.94920e-01
 10617.3  1.00074e+00
 10617.9  9.87837e-01
 10618.6  9.85349e-01
 10619.2  9.98038e-01
 10619.8  9.96271e-01
 10620.5  9.98217e-01
 10621.1  9.77311e-01
 10621.7  9.66482e-01
 10622.4  9.81810e-01
 10623.0  1.00139e+00
 10623.6  1.03065e+00
 10624.3  9.95780e-01
 10624.9  9.90583e-01
 10625.5  9.88834e-01
 10626.2  1.00240e+00
 10626.8  9.90802e-01
 10627.4  1.01048e+00
 10628.1  1.00143e+00
 10628.7  1.00984e+00
 10629.3  9.92410e-01
 10630.0  9.81894e-01
 10630.6  1.00768e+00
 10631.2  9.90394e-01
 10631.9  1.00234e+00
 10632.5  9.85799e-01
 10633.1  9.93044e-01
 10633.8  9.71645e-01
 10634.4  9.65062e-01
 10635.0  9.83223e-01
 10635.7  9.99734e-01
 10636.3  9.90954e-01
 10637.0  9.98904e-01
 10637.6  1.01671e+00
 10638.2  9.92488e-01
 10638.9  9.94868e-01
 10639.5  1.00290e+00
 10640.1  9.86559e-01
 10640.8  9.98868e-01
 10641.4  9.87976e-01
 10642.0  9.94883e-01
 10642.7  1.00573e+00
 10643.3  9.92745e-01
 10643.9  1.00388e+00
 10644.6  9.74501e-01
 10645.2  9.85860e-01
 10645.8  1.00696e+00
 10646.5  9.76520e-01
 10647.1  1.02844e+00
 10647.7  1.03120e+00
 10648.4  1.01196e+00
 10649.0  9.85997e-01
 10649.6  1.03283e+00
 10650.3  1.01570e+00
 10650.9  1.01581e+00
 10651.5  9.92845e-01
 10652.2  9.88935e-01
 10652.8  9.78284e-01
 10653.4  9.94591e-01
 10654.1  1.02038e+00
 10654.7  1.00470e+00
 10655.3  1.00349e+00
 10656.0  9.91361e-01
 10656.6  9.89405e-01
 10657.2  9.89182e-01
 10657.9  1.00707e+00
 10658.5  9.93565e-01
 10659.2  1.03581e+00
 10659.8  1.00089e+00
 10660.4  1.01745e+00
 10661.1  1.01678e+00
 10661.7  1.01556e+00
 10662.3  9.99714e-01
 10663.0  1.00867e+00
 10663.6  9.94879e-01
 10664.2  1.01466e+00
 10664.9  9.87994e-01
 10665.5  1.01159e+00
 10666.1  1.01511e+00
 10666.8  9.81998e-01
 10667.4  1.01835e+00
 10668.0  1.01692e+00
 10668.7  1.02325e+00
 10669.3  9.88724e-01
 10669.9  1.05702e+00
 10670.6  1.05773e+00
 10671.2  9.99699e-01
 10671.8  1.00238e+00
 10672.5  9.93873e-01
 10673.1  9.86634e-01
 10673.7  9.88264e-01
 10674.4  1.00964e+00
 10675.0  9.90960e-01
 10675.6  1.01353e+00
 10676.3  9.77125e-01
 10676.9  1.02566e+00
 10677.5  1.03038e+00
 10678.2  9.92756e-01
 10678.8  1.03033e+00
 10679.5  1.02710e+00
 10680.1  1.00416e+00
 10680.7  1.00879e+00
 10681.4  1.02812e+00
 10682.0  1.01251e+00
 10682.6  9.86234e-01
 10683.3  1.00969e+00
 10683.9  1.01185e+00
 10684.5  9.60307e-01
 10685.2  9.97224e-01
 10685.8  9.85118e-01
 10686.4  1.02595e+00
 10687.1  1.00535e+00
 10687.7  1.00002e+00
 10688.3  1.01459e+00
 10689.0  1.00713e+00
 10689.6  1.00930e+00
 10690.2  9.89666e-01
 10690.9  1.02519e+00
 10691.5  1.01620e+00
 10692.1  9.80416e-01
 10692.8  9.75490e-01
 10693.4  1.00676e+00
 10694.0  9.93821e-01
 10694.7  9.87160e-01
 10695.3  1.01356e+00
 10695.9  9.80688e-01
 10696.6  9.92036e-01
 10697.2  1.02406e+00
 10697.8  1.01850e+00
 10698.5  1.00618e+00
 10699.1  1.01192e+00
 10699.7  1.03983e+00
 10700.4  1.03050e+00
 10701.0  1.00894e+00
 10701.7  1.00948e+00
 10702.3  1.01179e+00
 10702.9  1.01822e+00
 10703.6  1.01550e+00
 10704.2  9.99824e-01
 10704.8  9.85202e-01
 10705.5  1.00497e+00
 10706.1  9.92988e-01
 10706.7  1.00443e+00
 10707.4  9.97471e-01
 10708.0  9.79348e-01
 10708.6  1.00113e+00
 10709.3  9.63320e-01
 10709.9  1.00266e+00
 10710.5  1.00436e+00
 10711.2  1.00980e+00
 10711.8  1.02768e+00
 10712.4  1.00066e+00
 10713.1  9.71461e-01
 10713.7  1.02470e+00
 10714.3  1.01407e+00
 10715.0  9.99860e-01
 10715.6  1.00774e+00
 10716.2  1.00305e+00
 10716.9  1.02322e+00
 10717.5  1.01068e+00
 10718.1  9.97942e-01
 10718.8  9.93869e-01
 10719.4  9.99739e-01
 10720.0  1.02040e+00
 10720.7  1.00644e+00
 10721.3  9.85902e-01
 10721.9  9.93474e-01
 10722.6  1.01371e+00
 10723.2  1.02349e+00
 10723.9  1.00727e+00
 10724.5  1.00615e+00
 10725.1  1.01678e+00
 10725.8  9.97926e-01
 10726.4  1.01914e+00
 10727.0  1.00884e+00
 10727.7  1.03366e+00
 10728.3  9.96886e-01
 10728.9  1.01966e+00
 10729.6  9.80566e-01
 10730.2  9.99733e-01
 10730.8  1.01882e+00
 10731.5  1.00804e+00
 10732.1  1.01593e+00
 10732.7  9.84215e-01
 10733.4  9.93463e-01
 10734.0  9.91398e-01
 10734.6  9.79017e-01
 10735.3  9.85357e-01
 10735.9  1.01517e+00
 10736.5  9.95439e-01
 10737.2  9.72922e-01
 10737.8  9.74077e-01
 10738.4  9.57521e-01
 10739.1  9.76008e-01
 10739.7  9.66753e-01
 10740.3  9.46624e-01
 10741.0  9.63196e-01
 10741.6  9.71209e-01
 10742.2  9.49508e-01
 10742.9  9.23022e-01
 10743.5  9.17489e-01
 10744.1  9.19069e-01
 10744.8  8.90391e-01
 10745.4  8.76401e-01
 10746.1  8.86679e-01
 10746.7  8.87946e-01
 10747.3  9.26091e-01
 10748.0  9.11096e-01
 10748.6  9.22323e-01
 10749.2  9.08872e-01
 10749.9  9.33539e-01
 10750.5  9.09418e-01
 10751.1  8.75233e-01
 10751.8  8.32705e-01
 10752.4  8.17996e-01
 10753.0  7.92381e-01
 10753.7  7.72962e-01
 10754.3  7.58726e-01
 10754.9  7.80351e-01
 10755.6  8.13780e-01
 10756.2  8.29160e-01
 10756.8  8.10903e-01
 10757.5  8.75897e-01
 10758.1  8.86051e-01
 10758.7  8.73547e-01
 10759.4  8.77539e-01
 10760.0  8.61778e-01
 10760.6  8.36641e-01
 10761.3  8.31811e-01
 10761.9  8.47073e-01
 10762.5  8.39203e-01
 10763.2  7.94712e-01
 10763.8  7.77457e-01
 10764.4  7.64732e-01
 10765.1  7.32296e-01
 10765.7  7.19723e-01
 10766.4  6.85784e-01
 10767.0  6.66930e-01
 10767.6  6.53264e-01
 10768.3  6.30772e-01
 10768.9  6.02743e-01
 10769.5  5.64909e-01
 10770.2  5.86719e-01
 10770.8  5.62760e-01
 10771.4  5.68989e-01
 10772.1  6.03690e-01
 10772.7  6.06910e-01
 10773.3  6.65729e-01
 10774.0  6.65706e-01
 10774.6  7.23171e-01
 10775.2  7.64721e-01
 10775.9  8.60666e-01
 10776.5  9.73237e-01
 10777.1  1.08748e+00
 10777.8  1.18557e+00
 10778.4  1.24375e+00
 10779.0  1.32165e+00
 10779.7  1.40471e+00
 10780.3  1.53509e+00
 10780.9  1.64287e+00
 10781.6  1.69342e+00
 10782.2  1.79233e+00
 10782.8  1.93969e+00
 10783.5  2.04369e+00
 10784.1  2.10774e+00
 10784.7  2.23162e+00
 10785.4  2.33211e+00
 10786.0  2.40379e+00
 10786.6  2.52283e+00
 10787.3  2.64579e+00
 10787.9  2.70043e+00
 10788.6  2.79296e+00
 10789.2  2.88376e+00
 10789.8  2.99423e+00
 10790.5  3.04564e+00
 10791.1  3.06194e+00
 10791.7  3.15499e+00
 10792.4  3.20440e+00
 10793.0  3.26958e+00
 10793.6  3.33685e+00
 10794.3  3.34616e+00
 10794.9  3.35462e+00
 10795.5  3.39647e+00
 10796.2  3.43838e+00
 10796.8  3.48024e+00
 10797.4  3.52215e+00
 10798.1  3.56400e+00
 10798.7  3.60785e+00
 10799.3  3.61296e+00
 10800.0  3.61806e+00
 10800.6  3.62316e+00
 10801.2  3.62826e+00
 10801.9  3.63337e+00
 10802.5  3.64148e+00
 10803.1  3.64866e+00
 10803.8  3.65582e+00
 10804.4  3.66300e+00
 10805.0  3.67017e+00
 10805.7  3.67735e+00
 10806.3  3.65264e+00
 10806.9  3.76588e+00
 10807.6  3.87894e+00
 10808.2  3.99217e+00
 10808.8  4.10633e+00
 10809.5  4.10345e+00
 10810.1  4.10056e+00
 10810.8  4.09769e+00
 10811.4  4.09481e+00
 10812.0  4.09193e+00
 10812.7  4.08905e+00
 10813.3  4.08617e+00
 10813.9  4.08329e+00
 10814.6  4.08041e+00
 10815.2  4.07567e+00
 10815.8  4.10030e+00
 10816.5  4.12498e+00
 10817.1  4.14961e+00
 10817.7  4.17428e+00
 10818.4  4.19892e+00
 10819.0  4.22359e+00
 10819.6  4.24822e+00
 10820.3  4.27289e+00
 10820.9  4.29756e+00
 10821.5  4.30921e+00
 10822.2  4.34259e+00
 10822.8  4.38202e+00
 10823.4  4.40939e+00
 10824.1  4.43671e+00
 10824.7  4.46408e+00
 10825.3  4.49141e+00
 10826.0  4.53218e+00
 10826.6  4.56086e+00
 10827.2  4.58959e+00
 10827.9  4.61827e+00
 10828.5  4.64700e+00
 10829.1  4.67569e+00
 10829.8  4.70442e+00
 10830.4  4.71238e+00
 10831.0  4.71544e+00
 10831.7  4.71850e+00
 10832.3  4.72156e+00
 10833.0  4.72462e+00
 10833.6  4.72767e+00
 10834.2  4.73073e+00
 10834.9  4.73379e+00
 10835.5  4.73685e+00
 10836.1  4.73991e+00
 10836.8  4.74297e+00
 10837.4  4.74877e+00
 10838.0  4.73832e+00
 10838.7  4.72789e+00
 10839.3  4.71744e+00
 10839.9  4.70701e+00
 10840.6  4.69656e+00
 10841.2  4.68611e+00
 10841.8  4.67568e+00
 10842.5  4.66523e+00
 10843.1  4.65479e+00
 10843.7  4.64434e+00
 10844.4  4.63807e+00
 10845.0  4.61609e+00
 10845.6  4.59415e+00
 10846.3  4.57218e+00
 10846.9  4.55023e+00
 10847.5  4.52826e+00
 10848.2  4.54185e+00
 10848.8  4.54785e+00
 10849.4  4.57196e+00
 10850.1  4.59611e+00
 10850.7  4.62023e+00
 10851.3  4.64437e+00
 10852.0  4.66852e+00
 10852.6  4.69264e+00
 10853.3  4.71679e+00
 10853.9  4.74090e+00
 10854.5  4.76505e+00
 10855.2  4.77308e+00
 10855.8  4.78303e+00
 10856.4  4.79296e+00
 10857.1  4.80290e+00
 10857.7  4.81283e+00
 10858.3  4.82278e+00
 10859.0  4.83270e+00
 10859.6  4.84265e+00
 10860.2  4.85258e+00
 10860.9  4.86252e+00
 10861.5  4.87245e+00
 10862.1  4.88319e+00
 10862.8  4.88819e+00
 10863.4  4.89319e+00
 10864.0  4.89819e+00
 10864.7  4.90319e+00
 10865.3  4.90820e+00
 10865.9  4.91319e+00
 10866.6  4.91820e+00
 10867.2  4.92319e+00
 10867.8  4.92820e+00
 10868.5  4.93319e+00
 10869.1  4.93820e+00
 10869.7  4.94319e+00
 10870.4  4.93382e+00
 10871.0  4.86377e+00
 10871.6  4.82587e+00
 10872.3  4.78803e+00
 10872.9  4.75014e+00
 10873.5  4.71224e+00
 10874.2  4.67440e+00
 10874.8  4.63650e+00
 10875.5  4.59866e+00
 10876.1  4.56077e+00
 10876.7  4.53227e+00
 10877.4  4.50266e+00
 10878.0  4.47309e+00
 10878.6  4.44348e+00
 10879.3  4.41391e+00
 10879.9  4.38430e+00
 10880.5  4.35473e+00
 10881.2  4.32512e+00
 10881.8  4.29555e+00
 10882.4  4.26594e+00
 10883.1  4.23637e+00
 10883.7  4.20676e+00
 10884.3  4.17715e+00
 10885.0  4.14758e+00
 10885.6  4.11797e+00
 10886.2  4.08841e+00
 10886.9  4.05879e+00
 10887.5  4.02923e+00
 10888.1  3.99962e+00
 10888.8  3.97005e+00
 10889.4  3.94044e+00
 10890.0  3.91087e+00
 10890.7  3.73514e+00
 10891.3  3.73946e+00
 10891.9  3.56469e+00
 10892.6  3.49407e+00
 10893.2  3.52972e+00
 10893.8  3.42441e+00
 10894.5  3.32431e+00
 10895.1  3.24327e+00
 10895.7  3.19049e+00
 10896.4  3.11727e+00
 10897.0  3.10611e+00
 10897.7  3.07851e+00
 10898.3  2.92795e+00
 10898.9  2.89618e+00
 10899.6  2.87745e+00
 10900.2  2.81533e+00
 10900.8  2.60427e+00
 10901.5  2.63250e+00
 10902.1  2.79561e+00
 10902.7  2.64412e+00
 10903.4  2.52722e+00
 10904.0  2.43359e+00
 10904.6  2.49240e+00
 10905.3  2.43048e+00
 10905.9  2.38813e+00
 10906.5  2.31425e+00
 10907.2  2.24889e+00
 10907.8  2.24746e+00
 10908.4  2.08168e+00
 10909.1  2.16130e+00
 10909.7  2.13746e+00
 10910.3  2.11501e+00
 10911.0  2.11308e+00
 10911.6  2.09974e+00
 10912.2  2.06224e+00
 10912.9  2.05821e+00
 10913.5  2.02630e+00
 10914.1  2.06153e+00
 10914.8  2.05565e+00
 10915.4  1.93824e+00
 10916.0  1.93655e+00
 10916.7  1.88196e+00
 10917.3  1.85260e+00
 10917.9  1.84085e+00
 10918.6  1.76443e+00
 10919.2  1.86271e+00
 10919.9  1.82959e+00
 10920.5  1.85439e+00
 10921.1  1.83278e+00
 10921.8  1.85748e+00
 10922.4  1.82109e+00
 10923.0  1.72276e+00
 10923.7  1.98023e+00
 10924.3  1.86927e+00
 10924.9  1.74701e+00
 10925.6  1.84754e+00
 10926.2  1.82908e+00
 10926.8  1.78054e+00
 10927.5  1.76626e+00
 10928.1  1.71193e+00
 10928.7  1.72829e+00
 10929.4  1.74801e+00
 10930.0  1.68535e+00
 10930.6  1.64767e+00
 10931.3  1.67277e+00
 10931.9  1.74840e+00
 10932.5  1.76130e+00
 10933.2  1.73616e+00
 10933.8  1.75180e+00
 10934.4  1.72508e+00
 10935.1  1.68005e+00
 10935.7  1.66217e+00
 10936.3  1.70404e+00
 10937.0  1.75833e+00
 10937.6  1.76543e+00
 10938.2  1.76802e+00
 10938.9  1.69509e+00
 10939.5  1.68828e+00
 10940.2  1.69486e+00
 10940.8  1.70256e+00
 10941.4  1.70214e+00
 10942.1  1.70344e+00
 10942.7  1.61488e+00
 10943.3  1.70528e+00
 10944.0  1.61177e+00
 10944.6  1.48514e+00
 10945.2  1.57906e+00
 10945.9  1.54007e+00
 10946.5  1.36203e+00
 10947.1  1.49695e+00
 10947.8  1.69533e+00
 10948.4  1.65366e+00
 10949.0  1.68371e+00
 10949.7  1.62682e+00
 10950.3  1.68421e+00
 10950.9  1.66050e+00
 10951.6  1.66089e+00
 10952.2  1.64568e+00
 10952.8  1.63567e+00
 10953.5  1.59705e+00
 10954.1  1.57669e+00
 10954.7  1.62106e+00
 10955.4  1.61663e+00
 10956.0  1.52550e+00
 10956.6  1.50838e+00
 10957.3  1.58551e+00
 10957.9  1.53373e+00
 10958.5  1.57803e+00
 10959.2  1.52562e+00
 10959.8  1.46979e+00
 10960.4  1.48183e+00
 10961.1  1.49756e+00
 10961.7  1.46606e+00
 10962.4  1.44910e+00
 10963.0  1.44685e+00
 10963.6  1.43859e+00
 10964.3  1.43166e+00
 10964.9  1.37330e+00
 10965.5  1.39332e+00
 10966.2  1.41846e+00
 10966.8  1.39798e+00
 10967.4  1.38999e+00
 10968.1  1.37619e+00
 10968.7  1.34356e+00
 10969.3  1.35551e+00
 10970.0  1.36279e+00
 10970.6  1.34390e+00
 10971.2  1.35386e+00
 10971.9  1.42896e+00
 10972.5  1.34759e+00
 10973.1  1.29458e+00
 10973.8  1.33993e+00
 10974.4  1.31511e+00
 10975.0  1.32732e+00
 10975.7  1.27454e+00
 10976.3  1.29012e+00
 10976.9  1.30592e+00
 10977.6  1.28728e+00
 10978.2  1.31027e+00
 10978.8  1.20612e+00
 10979.5  1.25194e+00
 10980.1  1.24610e+00
 10980.7  1.22686e+00
 10981.4  1.22677e+00
 10982.0  1.20201e+00
 10982.6  1.12590e+00
 10983.3  1.25880e+00
 10983.9  1.13978e+00
 10984.6  1.14772e+00
 10985.2  1.17536e+00
 10985.8  1.15201e+00
 10986.5  1.19944e+00
 10987.1  1.17596e+00
 10987.7  1.18370e+00
 10988.4  1.08377e+00
 10989.0  1.15032e+00
 10989.6  1.12578e+00
 10990.3  1.12223e+00
 10990.9  1.11368e+00
 10991.5  1.13349e+00
 10992.2  1.15105e+00
 10992.8  1.20320e+00
 10993.4  1.07378e+00
 10994.1  1.11954e+00
 10994.7  1.20294e+00
 10995.3  1.21724e+00
 10996.0  1.07849e+00
 10996.6  1.08261e+00
 10997.2  1.15011e+00
 10997.9  1.12300e+00
 10998.5  1.10719e+00
 10999.1  1.11974e+00
 10999.8  1.07944e+00
 11000.4  1.12542e+00
 11001.0  1.13761e+00
 11001.7  1.13110e+00
 11002.3  1.06236e+00
 11002.9  1.06246e+00
 11003.6  1.11358e+00
 11004.2  1.08712e+00
 11004.8  1.15018e+00
 11005.5  1.10835e+00
 11006.1  1.07303e+00
 11006.8  9.97710e-01
 11007.4  1.00169e+00
 11008.0  1.19456e+00
 11008.7  1.14488e+00
 11009.3  1.06626e+00
 11009.9  1.10067e+00
 11010.6  1.06273e+00
 11011.2  1.08536e+00
 11011.8  1.02257e+00
 11012.5  1.02753e+00
 11013.1  1.07188e+00
 11013.7  1.07004e+00
 11014.4  1.10788e+00
 11015.0  1.09499e+00
 11015.6  1.03249e+00
 11016.3  1.09466e+00
 11016.9  1.10508e+00
 11017.5  1.07896e+00
 11018.2  1.10000e+00
 11018.8  1.15769e+00
 11019.4  1.10294e+00
 11020.1  1.05885e+00
 11020.7  1.08338e+00
 11021.3  1.11658e+00
 11022.0  1.08611e+00
 11022.6  9.80451e-01
 11023.2  1.00609e+00
 11023.9  1.04291e+00
 11024.5  1.09823e+00
 11025.1  1.09641e+00
 11025.8  1.01904e+00
 11026.4  1.01750e+00
 11027.1  1.05013e+00
 11027.7  9.58775e-01
 11028.3  1.05823e+00
 11029.0  1.05999e+00
 11029.6  1.04186e+00
 11030.2  1.01313e+00
 11030.9  1.05333e+00
 11031.5  1.03764e+00
 11032.1  1.01312e+00
 11032.8  1.02752e+00
 11033.4  1.09281e+00
 11034.0  1.02288e+00
 11034.7  1.02822e+00
 11035.3  1.04190e+00
 11035.9  1.00064e+00
 11036.6  1.03606e+00
 11037.2  1.05749e+00
 11037.8  1.04826e+00
 11038.5  1.00010e+00
 11039.1  1.01038e+00
 11039.7  1.17574e+00
 11040.4  1.12408e+00
 11041.0  9.73749e-01
 11041.6  9.49764e-01
 11042.3  1.11025e+00
 11042.9  9.46697e-01
 11043.5  9.85369e-01
 11044.2  9.57963e-01
 11044.8  9.59675e-01
 11045.4  1.02077e+00
 11046.1  1.03780e+00
 11046.7  9.54573e-01
 11047.3  1.04621e+00
 11048.0  9.86222e-01
 11048.6  1.02179e+00
 11049.3  1.02568e+00
 11049.9  1.00510e+00
 11050.5  9.99384e-01
 11051.2  1.01316e+00
 11051.8  9.90318e-01
 11052.4  1.00982e+00
 11053.1  9.96573e-01
 11053.7  1.17278e+00
 11054.3  8.97844e-01
 11055.0  1.02516e+00
 11055.6  9.53936e-01
 11056.2  1.00541e+00
 11056.9  8.75316e-01
 11057.5  1.09098e+00
 11058.1  1.11412e+00
 11058.8  1.12338e+00
 11059.4  7.95624e-01
 11060.0  9.92191e-01
 11060.7  1.20271e+00
 11061.3  1.03515e+00
 11061.9  1.17379e+00
 11062.6  9.86588e-01
 11063.2  1.01570e+00