#\*l[\oA]	F(\*l)
 10430.8  9.92246e-01
 10431.4  1.06147e+00
 10432.0  1.04601e+00
 10432.7  1.00355e+00
 10433.3  9.63053e-01
 10433.9  1.04466e+00
 10434.6  1.09214e+00
 10435.2  1.01404e+00
 10435.8  1.02504e+00
 10436.5  1.16095e+00
 10437.1  1.05673e+00
 10437.7  1.02812e+00
 10438.4  1.06677e+00
 10439.0  1.03298e+00
 10439.6  1.06338e+00
 10440.3  1.03303e+00
 10440.9  1.00146e+00
 10441.5  1.10150e+00
 10442.2  1.07105e+00
 10442.8  9.97736e-01
 10443.4  1.01658e+00
 10444.1  1.01668e+00
 10444.7  1.06571e+00
 10445.4  1.05642e+00
 10446.0  1.02889e+00
 10446.6  1.01006e+00
 10447.3  1.04665e+00
 10447.9  1.04926e+00
 10448.5  1.03332e+00
 10449.2  1.02257e+00
 10449.8  1.01807e+00
 10450.4  1.05110e+00
 10451.1  1.03483e+00
 10451.7  9.80778e-01
 10452.3  1.01217e+00
 10453.0  1.00823e+00
 10453.6  1.02081e+00
 10454.2  1.02120e+00
 10454.9  1.04550e+00
 10455.5  1.03690e+00
 10456.1  1.00520e+00
 10456.8  9.18714e-01
 10457.4  9.62843e-01
 10458.0  1.01287e+00
 10458.7  9.70764e-01
 10459.3  9.82384e-01
 10459.9  9.77308e-01
 10460.6  1.01610e+00
 10461.2  9.65630e-01
 10461.8  9.74376e-01
 10462.5  9.88893e-01
 10463.1  9.83077e-01
 10463.7  9.63158e-01
 10464.4  1.00178e+00
 10465.0  9.51183e-01
 10465.6  9.44994e-01
 10466.3  8.90424e-01
 10466.9  8.85070e-01
 10467.6  8.94911e-01
 10468.2  9.61324e-01
 10468.8  9.33304e-01
 10469.5  9.04119e-01
 10470.1  9.54835e-01
 10470.7  9.87905e-01
 10471.4  9.76814e-01
 10472.0  9.49609e-01
 10472.6  9.04812e-01
 10473.3  9.10848e-01
 10473.9  9.25434e-01
 10474.5  9.34547e-01
 10475.2  8.53378e-01
 10475.8  8.43196e-01
 10476.4  8.38671e-01
 10477.1  8.88687e-01
 10477.7  9.15193e-01
 10478.3  9.00441e-01
 10479.0  9.06631e-01
 10479.6  9.96473e-01
 10480.2  9.19999e-01
 10480.9  9.62090e-01
 10481.5  9.69903e-01
 10482.1  9.57691e-01
 10482.8  9.78827e-01
 10483.4  9.76361e-01
 10484.0  9.07320e-01
 10484.7  8.71417e-01
 10485.3  9.33647e-01
 10485.9  9.53267e-01
 10486.6  9.72740e-01
 10487.2  1.01115e+00
 10487.8  9.69327e-01
 10488.5  1.01242e+00
 10489.1  1.00992e+00
 10489.8  1.05730e+00
 10490.4  1.05185e+00
 10491.0  9.79968e-01
 10491.7  9.37715e-01
 10492.3  9.82204e-01
 10492.9  1.02708e+00
 10493.6  1.08456e+00
 10494.2  1.02484e+00
 10494.8  1.08702e+00
 10495.5  1.05986e+00
 10496.1  1.07483e+00
 10496.7  1.11630e+00
 10497.4  1.07062e+00
 10498.0  1.12947e+00
 10498.6  1.16188e+00
 10499.3  1.15250e+00
 10499.9  1.16378e+00
 10500.5  1.12615e+00
 10501.2  1.14214e+00
 10501.8  1.22771e+00
 10502.4  1.21259e+00
 10503.1  1.21220e+00
 10503.7  1.22751e+00
 10504.3  1.24008e+00
 10505.0  1.26505e+00
 10505.6  1.31710e+00
 10506.2  1.32770e+00
 10506.9  1.29144e+00
 10507.5  1.26966e+00
 10508.1  1.35978e+00
 10508.8  1.33815e+00
 10509.4  1.32086e+00
 10510.0  1.31919e+00
 10510.7  1.32143e+00
 10511.3  1.33902e+00
 10512.0  1.35241e+00
 10512.6  1.31939e+00
 10513.2  1.38898e+00
 10513.9  1.41201e+00
 10514.5  1.37601e+00
 10515.1  1.42075e+00
 10515.8  1.42811e+00
 10516.4  1.37523e+00
 10517.0  1.38278e+00
 10517.7  1.35256e+00
 10518.3  1.38701e+00
 10518.9  1.38620e+00
 10519.6  1.46311e+00
 10520.2  1.53184e+00
 10520.8  1.42000e+00
 10521.5  1.48796e+00
 10522.1  1.55092e+00
 10522.7  1.46479e+00
 10523.4  1.46162e+00
 10524.0  1.48787e+00
 10524.6  1.44351e+00
 10525.3  1.41114e+00
 10525.9  1.45283e+00
 10526.5  1.47785e+00
 10527.2  1.50779e+00
 10527.8  1.53466e+00
 10528.4  1.53958e+00
 10529.1  1.52867e+00
 10529.7  1.54032e+00
 10530.3  1.54467e+00
 10531.0  1.45254e+00
 10531.6  1.43650e+00
 10532.2  1.56775e+00
 10532.9  1.56707e+00
 10533.5  1.44262e+00
 10534.2  1.47424e+00
 10534.8  1.49611e+00
 10535.4  1.49667e+00
 10536.1  1.54683e+00
 10536.7  1.49813e+00
 10537.3  1.52807e+00
 10538.0  1.57510e+00
 10538.6  1.47998e+00
 10539.2  1.46365e+00
 10539.9  1.51179e+00
 10540.5  1.50112e+00
 10541.1  1.49991e+00
 10541.8  1.50421e+00
 10542.4  1.51275e+00
 10543.0  1.48835e+00
 10543.7  1.51974e+00
 10544.3  1.50020e+00
 10544.9  1.47814e+00
 10545.6  1.49307e+00
 10546.2  1.51593e+00
 10546.8  1.54122e+00
 10547.5  1.49783e+00
 10548.1  1.48483e+00
 10548.7  1.51186e+00
 10549.4  1.50751e+00
 10550.0  1.48683e+00
 10550.6  1.47376e+00
 10551.3  1.44997e+00
 10551.9  1.48205e+00
 10552.5  1.46860e+00
 10553.2  1.44694e+00
 10553.8  1.41654e+00
 10554.4  1.40424e+00
 10555.1  1.44579e+00
 10555.7  1.41786e+00
 10556.4  1.45698e+00
 10557.0  1.53227e+00
 10557.6  1.49088e+00
 10558.3  1.41459e+00
 10558.9  1.42045e+00
 10559.5  1.47625e+00
 10560.2  1.46313e+00
 10560.8  1.40939e+00
 10561.4  1.38861e+00
 10562.1  1.37205e+00
 10562.7  1.38951e+00
 10563.3  1.36290e+00
 10564.0  1.38834e+00
 10564.6  1.41795e+00
 10565.2  1.39207e+00
 10565.9  1.41719e+00
 10566.5  1.40510e+00
 10567.1  1.35671e+00
 10567.8  1.30811e+00
 10568.4  1.27663e+00
 10569.0  1.33801e+00
 10569.7  1.38271e+00
 10570.3  1.28149e+00
 10570.9  1.30197e+00
 10571.6  1.34056e+00
 10572.2  1.27190e+00
 10572.8  1.28066e+00
 10573.5  1.30873e+00
 10574.1  1.30033e+00
 10574.7  1.28873e+00
 10575.4  1.27956e+00
 10576.0  1.27471e+00
 10576.6  1.21972e+00
 10577.3  1.23694e+00
 10577.9  1.28105e+00
 10578.6  1.20699e+00
 10579.2  1.18786e+00
 10579.8  1.19008e+00
 10580.5  1.14464e+00
 10581.1  1.14761e+00
 10581.7  1.18456e+00
 10582.4  1.18343e+00
 10583.0  1.14897e+00
 10583.6  1.11762e+00
 10584.3  1.11920e+00
 10584.9  1.11806e+00
 10585.5  1.11919e+00
 10586.2  1.09486e+00
 10586.8  1.04678e+00
 10587.4  1.08345e+00
 10588.1  1.12042e+00
 10588.7  1.13234e+00
 10589.3  1.09864e+00
 10590.0  1.06406e+00
 10590.6  1.10558e+00
 10591.2  1.11842e+00
 10591.9  1.02173e+00
 10592.5  1.00509e+00
 10593.1  1.03474e+00
 10593.8  1.06940e+00
 10594.4  1.04365e+00
 10595.0  9.71282e-01
 10595.7  1.04141e+00
 10596.3  1.02588e+00
 10596.9  9.76056e-01
 10597.6  1.02036e+00
 10598.2  9.62840e-01
 10598.8  9.75189e-01
 10599.5  1.03144e+00
 10600.1  9.96768e-01
 10600.7  9.97020e-01
 10601.4  9.77577e-01
 10602.0  9.81148e-01
 10602.7  1.02100e+00
 10603.3  9.94991e-01
 10603.9  9.69825e-01
 10604.6  9.87349e-01
 10605.2  1.02169e+00
 10605.8  9.62225e-01
 10606.5  9.85831e-01
 10607.1  1.03254e+00
 10607.7  9.55510e-01
 10608.4  9.87645e-01
 10609.0  1.01481e+00
 10609.6  9.83955e-01
 10610.3  9.58983e-01
 10610.9  9.46114e-01
 10611.5  9.69900e-01
 10612.2  9.99726e-01
 10612.8  9.93303e-01
 10613.4  9.59386e-01
 10614.1  9.90770e-01
 10614.7  1.03898e+00
 10615.3  1.05263e+00
 10616.0  9.47908e-01
 10616.6  9.40976e-01
 10617.2  1.00867e+00
 10617.9  1.00038e+00
 10618.5  9.83919e-01
 10619.1  9.79716e-01
 10619.8  1.01386e+00
 10620.4  9.76886e-01
 10621.0  1.01443e+00
 10621.7  1.01251e+00
 10622.3  1.17358e+00
 10622.9  1.10055e+00
 10623.6  1.01758e+00
 10624.2  1.01466e+00
 10624.9  9.65978e-01
 10625.5  1.07335e+00
 10626.1  1.00105e+00
 10626.8  9.83028e-01
 10627.4  9.76893e-01
 10628.0  9.68383e-01
 10628.7  9.86272e-01
 10629.3  9.55665e-01
 10629.9  9.89475e-01
 10630.6  1.01007e+00
 10631.2  1.06805e+00
 10631.8  1.01888e+00
 10632.5  1.03229e+00
 10633.1  1.04231e+00
 10633.7  9.85871e-01
 10634.4  1.00705e+00
 10635.0  1.02764e+00
 10635.6  1.08145e+00
 10636.3  1.03835e+00
 10636.9  1.01002e+00
 10637.5  1.00667e+00
 10638.2  1.01407e+00
 10638.8  9.75061e-01
 10639.4  9.68260e-01
 10640.1  1.01650e+00
 10640.7  1.10737e+00
 10641.3  1.03083e+00
 10642.0  9.63704e-01
 10642.6  1.00249e+00
 10643.2  9.97227e-01
 10643.9  9.82967e-01
 10644.5  9.84347e-01
 10645.1  9.93935e-01
 10645.8  1.00163e+00
 10646.4  9.81658e-01
 10647.1  9.34978e-01
 10647.7  1.05205e+00
 10648.3  1.01466e+00
 10649.0  9.82965e-01
 10649.6  9.88718e-01
 10650.2  9.54187e-01
 10650.9  9.89135e-01
 10651.5  9.50475e-01
 10652.1  1.00493e+00
 10652.8  1.01288e+00
 10653.4  9.33509e-01
 10654.0  1.03721e+00
 10654.7  1.05041e+00
 10655.3  9.86919e-01
 10655.9  1.01267e+00
 10656.6  1.05518e+00
 10657.2  9.94408e-01
 10657.8  9.84143e-01
 10658.5  1.01272e+00
 10659.1  9.58893e-01
 10659.7  9.90871e-01
 10660.4  1.00356e+00
 10661.0  1.02665e+00
 10661.6  1.03308e+00
 10662.3  1.01489e+00
 10662.9  1.00199e+00
 10663.5  1.01367e+00
 10664.2  1.05474e+00
 10664.8  1.00072e+00
 10665.4  1.03421e+00
 10666.1  1.07174e+00
 10666.7  1.07204e+00
 10667.3  1.01566e+00
 10668.0  9.67131e-01
 10668.6  1.00626e+00
 10669.3  1.08272e+00
 10669.9  1.07307e+00
 10670.5  9.73641e-01
 10671.2  1.03130e+00
 10671.8  9.78708e-01
 10672.4  8.68395e-01
 10673.1  9.44060e-01
 10673.7  9.51003e-01
 10674.3  9.75259e-01
 10675.0  1.02680e+00
 10675.6  1.06390e+00
 10676.2  9.73269e-01
 10676.9  1.01598e+00
 10677.5  1.00197e+00
 10678.1  9.38526e-01
 10678.8  1.03867e+00
 10679.4  1.04965e+00
 10680.0  1.02101e+00
 10680.7  9.74579e-01
 10681.3  9.86192e-01
 10681.9  1.03293e+00
 10682.6  9.93401e-01
 10683.2  9.80543e-01
 10683.8  9.93686e-01
 10684.5  9.82837e-01
 10685.1  9.64116e-01
 10685.7  9.53083e-01
 10686.4  9.44902e-01
 10687.0  9.68709e-01
 10687.6  1.05060e+00
 10688.3  1.11853e+00
 10688.9  1.00363e+00
 10689.5  9.33277e-01
 10690.2  9.88179e-01
 10690.8  1.04259e+00
 10691.5  1.02040e+00
 10692.1  9.22816e-01
 10692.7  9.59734e-01
 10693.4  1.08240e+00
 10694.0  1.06070e+00
 10694.6  9.39171e-01
 10695.3  8.60540e-01
 10695.9  9.94570e-01
 10696.5  9.92308e-01
 10697.2  9.14953e-01
 10697.8  9.59548e-01
 10698.4  9.21234e-01
 10699.1  8.95653e-01
 10699.7  1.01424e+00
 10700.3  9.25130e-01
 10701.0  8.71117e-01
 10701.6  9.48385e-01
 10702.2  9.56988e-01
 10702.9  9.06573e-01
 10703.5  9.47168e-01
 10704.1  9.30951e-01
 10704.8  9.41757e-01
 10705.4  9.51820e-01
 10706.0  9.64761e-01
 10706.7  9.35106e-01
 10707.3  9.31938e-01
 10707.9  9.75715e-01
 10708.6  9.75236e-01
 10709.2  9.06223e-01
 10709.8  9.04984e-01
 10710.5  9.38467e-01
 10711.1  9.50786e-01
 10711.7  9.72429e-01
 10712.4  9.48043e-01
 10713.0  9.65541e-01
 10713.7  1.04794e+00
 10714.3  1.01977e+00
 10714.9  9.55445e-01
 10715.6  9.72819e-01
 10716.2  8.97255e-01
 10716.8  9.47835e-01
 10717.5  9.99394e-01
 10718.1  9.77214e-01
 10718.7  9.71414e-01
 10719.4  9.90843e-01
 10720.0  9.89882e-01
 10720.6  9.49691e-01
 10721.3  9.71481e-01
 10721.9  9.19368e-01
 10722.5  8.62415e-01
 10723.2  8.81187e-01
 10723.8  9.25896e-01
 10724.4  9.09995e-01
 10725.1  9.04831e-01
 10725.7  9.52331e-01
 10726.3  9.21583e-01
 10727.0  9.67773e-01
 10727.6  9.63311e-01
 10728.2  9.56161e-01
 10728.9  9.59553e-01
 10729.5  8.75483e-01
 10730.1  9.28415e-01
 10730.8  8.73193e-01
 10731.4  9.03040e-01
 10732.0  9.74744e-01
 10732.7  9.45229e-01
 10733.3  9.37299e-01
 10733.9  9.41469e-01
 10734.6  9.03204e-01
 10735.2  9.57855e-01
 10735.9  9.22320e-01
 10736.5  9.69811e-01
 10737.1  9.04260e-01
 10737.8  9.11559e-01
 10738.4  8.43923e-01
 10739.0  9.11534e-01
 10739.7  8.80995e-01
 10740.3  9.07237e-01
 10740.9  8.90956e-01
 10741.6  9.57775e-01
 10742.2  9.65599e-01
 10742.8  9.29841e-01
 10743.5  9.20280e-01
 10744.1  9.06089e-01
 10744.7  8.63130e-01
 10745.4  8.78060e-01
 10746.0  8.94625e-01
 10746.6  8.92581e-01
 10747.3  8.49768e-01
 10747.9  8.09073e-01
 10748.5  7.92360e-01
 10749.2  7.45962e-01
 10749.8  7.79314e-01
 10750.4  7.82432e-01
 10751.1  6.91280e-01
 10751.7  6.39919e-01
 10752.3  6.24112e-01
 10753.0  6.34719e-01
 10753.6  5.93240e-01
 10754.2  6.03665e-01
 10754.9  6.36086e-01
 10755.5  4.59610e-01
 10756.1  3.84997e-01
 10756.8  2.88053e-01
 10757.4  2.36424e-01
 10758.0  3.13564e-01
 10758.7  2.70540e-01
 10759.3  2.37866e-01
 10760.0  2.67266e-01
 10760.6  2.05298e-01
 10761.2  1.96671e-01
 10761.9  1.60871e-01
 10762.5  2.19230e-01
 10763.1  2.45418e-01
 10763.8  2.16853e-01
 10764.4  2.15445e-01
 10765.0  3.04911e-01
 10765.7  3.28824e-01
 10766.3  2.88181e-01
 10766.9  3.10006e-01
 10767.6  4.20656e-01
 10768.2  5.03796e-01
 10768.8  5.39030e-01
 10769.5  7.84122e-01
 10770.1  8.23604e-01
 10770.7  8.86536e-01
 10771.4  9.63876e-01
 10772.0  1.15169e+00
 10772.6  1.18989e+00
 10773.3  1.31945e+00
 10773.9  1.44322e+00
 10774.5  1.48411e+00
 10775.2  1.61176e+00
 10775.8  1.68119e+00
 10776.4  1.82556e+00
 10777.1  1.90262e+00
 10777.7  1.96347e+00
 10778.3  2.09759e+00
 10779.0  2.25349e+00
 10779.6  2.32355e+00
 10780.2  2.47463e+00
 10780.9  2.60226e+00
 10781.5  2.63516e+00
 10782.2  2.69952e+00
 10782.8  2.87511e+00
 10783.4  2.92583e+00
 10784.1  3.00016e+00
 10784.7  3.06540e+00
 10785.3  3.18993e+00
 10786.0  3.22561e+00
 10786.6  3.22540e+00
 10787.2  3.30820e+00
 10787.9  3.36995e+00
 10788.5  3.33530e+00
 10789.1  3.38559e+00
 10789.8  3.37936e+00
 10790.4  3.36997e+00
 10791.0  3.47743e+00
 10791.7  3.50620e+00
 10792.3  3.47613e+00
 10792.9  3.46687e+00
 10793.6  3.45153e+00
 10794.2  3.53369e+00
 10794.8  3.53803e+00
 10795.5  3.51312e+00
 10796.1  3.57592e+00
 10796.7  3.57228e+00
 10797.4  3.57899e+00
 10798.0  3.57979e+00
 10798.6  3.59153e+00
 10799.3  3.54592e+00
 10799.9  3.55084e+00
 10800.5  3.50671e+00
 10801.2  3.48327e+00
 10801.8  3.55772e+00
 10802.4  3.57603e+00
 10803.1  3.57567e+00
 10803.7  3.64949e+00
 10804.4  3.68732e+00
 10805.0  3.64020e+00
 10805.6  3.63826e+00
 10806.3  3.64480e+00
 10806.9  3.60236e+00
 10807.5  3.61582e+00
 10808.2  3.63792e+00
 10808.8  3.68773e+00
 10809.4  3.66168e+00
 10810.1  3.65968e+00
 10810.7  3.73427e+00
 10811.3  3.64959e+00
 10812.0  3.56302e+00
 10812.6  3.70056e+00
 10813.2  3.67573e+00
 10813.9  3.68507e+00
 10814.5  3.72592e+00
 10815.1  3.65960e+00
 10815.8  3.66030e+00
 10816.4  3.62874e+00
 10817.0  3.61880e+00
 10817.7  3.57569e+00
 10818.3  3.62676e+00
 10818.9  3.64586e+00
 10819.6  3.60208e+00
 10820.2  3.65947e+00
 10820.8  3.66144e+00
 10821.5  3.71177e+00
 10822.1  3.70825e+00
 10822.7  3.66868e+00
 10823.4  3.69759e+00
 10824.0  3.75763e+00
 10824.6  3.72936e+00
 10825.3  3.66283e+00
 10825.9  3.71410e+00
 10826.6  3.75732e+00
 10827.2  3.82871e+00
 10827.8  3.77439e+00
 10828.5  3.78451e+00
 10829.1  3.75769e+00
 10829.7  3.81217e+00
 10830.4  3.87400e+00
 10831.0  3.90625e+00
 10831.6  3.85219e+00
 10832.3  3.72200e+00
 10832.9  3.74642e+00
 10833.5  3.78982e+00
 10834.2  3.75191e+00
 10834.8  3.71438e+00
 10835.4  3.68730e+00
 10836.1  3.68439e+00
 10836.7  3.73161e+00
 10837.3  3.77244e+00
 10838.0  3.74305e+00
 10838.6  3.66594e+00
 10839.2  3.66448e+00
 10839.9  3.66312e+00
 10840.5  3.71375e+00
 10841.1  3.66613e+00
 10841.8  3.59326e+00
 10842.4  3.65670e+00
 10843.0  3.64727e+00
 10843.7  3.59422e+00
 10844.3  3.61525e+00
 10844.9  3.61105e+00
 10845.6  3.66551e+00
 10846.2  3.62339e+00
 10846.8  3.63870e+00
 10847.5  3.67144e+00
 10848.1  3.71479e+00
 10848.8  3.70599e+00
 10849.4  3.71782e+00
 10850.0  3.62273e+00
 10850.7  3.65182e+00
 10851.3  3.64400e+00
 10851.9  3.69754e+00
 10852.6  3.68994e+00
 10853.2  3.64083e+00
 10853.8  3.65312e+00
 10854.5  3.66757e+00
 10855.1  3.69861e+00
 10855.7  3.69584e+00
 10856.4  3.60223e+00
 10857.0  3.60731e+00
 10857.6  3.62996e+00
 10858.3  3.63798e+00
 10858.9  3.59472e+00
 10859.5  3.74948e+00
 10860.2  3.79143e+00
 10860.8  3.48163e+00
 10861.4  3.45745e+00
 10862.1  3.59777e+00
 10862.7  3.57869e+00
 10863.3  3.62329e+00
 10864.0  3.65457e+00
 10864.6  3.63100e+00
 10865.2  3.66696e+00
 10865.9  3.62995e+00
 10866.5  3.67086e+00
 10867.1  3.70139e+00
 10867.8  3.70122e+00
 10868.4  3.66460e+00
 10869.0  3.66860e+00
 10869.7  3.67683e+00
 10870.3  3.68588e+00
 10871.0  3.64611e+00
 10871.6  3.60300e+00
 10872.2  3.67298e+00
 10872.9  3.68763e+00
 10873.5  3.62468e+00
 10874.1  3.70656e+00
 10874.8  3.64974e+00
 10875.4  3.55264e+00
 10876.0  3.53785e+00
 10876.7  3.53503e+00
 10877.3  3.51947e+00
 10877.9  3.49854e+00
 10878.6  3.45532e+00
 10879.2  3.38558e+00
 10879.8  3.42859e+00
 10880.5  3.35091e+00
 10881.1  3.30529e+00
 10881.7  3.20367e+00
 10882.4  3.20332e+00
 10883.0  3.18035e+00
 10883.6  3.09831e+00
 10884.3  3.08237e+00
 10884.9  2.99897e+00
 10885.5  3.00892e+00
 10886.2  2.97318e+00
 10886.8  2.87068e+00
 10887.4  2.80450e+00
 10888.1  2.70908e+00
 10888.7  2.69510e+00
 10889.3  2.69832e+00
 10890.0  2.52712e+00
 10890.6  2.48357e+00
 10891.2  2.45884e+00
 10891.9  2.32674e+00
 10892.5  2.29290e+00
 10893.2  2.21241e+00
 10893.8  2.15083e+00
 10894.4  2.11536e+00
 10895.1  2.07402e+00
 10895.7  2.02938e+00
 10896.3  1.95444e+00
 10897.0  1.87295e+00
 10897.6  1.87973e+00
 10898.2  1.79474e+00
 10898.9  1.79227e+00
 10899.5  1.68096e+00
 10900.1  1.64778e+00
 10900.8  1.60872e+00
 10901.4  1.56276e+00
 10902.0  1.53711e+00
 10902.7  1.55875e+00
 10903.3  1.58364e+00
 10903.9  1.52139e+00
 10904.6  1.48889e+00
 10905.2  1.40818e+00
 10905.8  1.39233e+00
 10906.5  1.44545e+00
 10907.1  1.48363e+00
 10907.7  1.43375e+00
 10908.4  1.42626e+00
 10909.0  1.33937e+00
 10909.6  1.34281e+00
 10910.3  1.37879e+00
 10910.9  1.32607e+00
 10911.5  1.30619e+00
 10912.2  1.29422e+00
 10912.8  1.29389e+00
 10913.4  1.30006e+00
 10914.1  1.24447e+00
 10914.7  1.33221e+00
 10915.3  1.36801e+00
 10916.0  1.30860e+00
 10916.6  1.31209e+00
 10917.3  1.29384e+00
 10917.9  1.27094e+00
 10918.5  1.25289e+00
 10919.2  1.39903e+00
 10919.8  1.34326e+00
 10920.4  1.19341e+00
 10921.1  1.25018e+00
 10921.7  1.26483e+00
 10922.3  1.29090e+00
 10923.0  1.36067e+00
 10923.6  1.34766e+00
 10924.2  1.24260e+00
 10924.9  1.20100e+00
 10925.5  1.19651e+00
 10926.1  1.20699e+00
 10926.8  1.24319e+00
 10927.4  1.21777e+00
 10928.0  1.19689e+00
 10928.7  1.28701e+00
 10929.3  1.33799e+00
 10929.9  1.21175e+00
 10930.6  1.18185e+00
 10931.2  1.22824e+00
 10931.8  1.26148e+00
 10932.5  1.24459e+00
 10933.1  1.27418e+00
 10933.7  1.21614e+00
 10934.4  1.18070e+00
 10935.0  1.23993e+00
 10935.6  1.19177e+00
 10936.3  1.20890e+00
 10936.9  1.22682e+00
 10937.5  1.26655e+00
 10938.2  1.34326e+00
 10938.8  1.27481e+00
 10939.5  1.27674e+00
 10940.1  1.29082e+00
 10940.7  1.21899e+00
 10941.4  1.21024e+00
 10942.0  1.16404e+00
 10942.6  1.14461e+00
 10943.3  1.16017e+00
 10943.9  1.22028e+00
 10944.5  1.23398e+00
 10945.2  1.18573e+00
 10945.8  1.15593e+00
 10946.4  1.19306e+00
 10947.1  1.23358e+00
 10947.7  1.18774e+00
 10948.3  1.19725e+00
 10949.0  1.24806e+00
 10949.6  1.22758e+00
 10950.2  1.21977e+00
 10950.9  1.25604e+00
 10951.5  1.30408e+00
 10952.1  1.23876e+00
 10952.8  1.16976e+00
 10953.4  1.19816e+00
 10954.0  1.19358e+00
 10954.7  1.23823e+00
 10955.3  1.27832e+00
 10955.9  1.29457e+00
 10956.6  1.19562e+00
 10957.2  1.19061e+00
 10957.8  1.23157e+00
 10958.5  1.19293e+00
 10959.1  1.18037e+00
 10959.7  1.22133e+00
 10960.4  1.25017e+00
 10961.0  1.24678e+00
 10961.7  1.30998e+00
 10962.3  1.24883e+00
 10962.9  1.17764e+00
 10963.6  1.23663e+00
 10964.2  1.24201e+00
 10964.8  1.24723e+00
 10965.5  1.27984e+00
 10966.1  1.16055e+00
 10966.7  1.13952e+00
 10967.4  1.18195e+00
 10968.0  1.24662e+00
 10968.6  1.24842e+00
 10969.3  1.20699e+00
 10969.9  1.20266e+00
 10970.5  1.19708e+00
 10971.2  1.21229e+00
 10971.8  1.22751e+00
 10972.4  1.22676e+00
 10973.1  1.15896e+00
 10973.7  1.14410e+00
 10974.3  1.17988e+00
 10975.0  1.12027e+00
 10975.6  1.09052e+00
 10976.2  1.15724e+00
 10976.9  1.14326e+00
 10977.5  1.09378e+00
 10978.1  1.05445e+00
 10978.8  1.07256e+00
 10979.4  1.11519e+00
 10980.0  1.09333e+00
 10980.7  1.12149e+00
 10981.3  1.10807e+00
 10981.9  1.10285e+00
 10982.6  1.11620e+00
 10983.2  1.09187e+00
 10983.9  9.92359e-01
 10984.5  1.12855e+00
 10985.1  1.14102e+00
 10985.8  1.05556e+00
 10986.4  1.08868e+00
 10987.0  1.02464e+00
 10987.7  9.76587e-01
 10988.3  9.53945e-01
 10988.9  1.05131e+00
 10989.6  1.02364e+00
 10990.2  1.08419e+00
 10990.8  1.11947e+00
 10991.5  9.33835e-01
 10992.1  1.00166e+00
 10992.7  1.17064e+00
 10993.4  1.11963e+00
 10994.0  1.13201e+00
 10994.6  1.05363e+00
 10995.3  1.05682e+00
 10995.9  8.86909e-01
 10996.5  9.25019e-01
 10997.2  9.23554e-01
 10997.8  9.39191e-01
 10998.4  1.03612e+00
 10999.1  9.45713e-01
 10999.7  1.01081e+00
 11000.3  1.05862e+00
 11001.0  9.49242e-01
 11001.6  9.01588e-01
 11002.2  1.02217e+00
 11002.9  1.01361e+00
 11003.5  9.56089e-01
 11004.1  9.38701e-01
 11004.8  9.86125e-01
 11005.4  1.04631e+00
 11006.1  9.73302e-01
 11006.7  9.83527e-01
 11007.3  8.86479e-01
 11008.0  8.31298e-01
 11008.6  9.04635e-01
 11009.2  9.73313e-01
 11009.9  1.03534e+00
 11010.5  9.83654e-01
 11011.1  9.74925e-01
 11011.8  9.88944e-01
 11012.4  9.47635e-01
 11013.0  9.55364e-01
 11013.7  9.95919e-01
 11014.3  9.29275e-01
 11014.9  9.45893e-01
 11015.6  9.24339e-01
 11016.2  1.02256e+00
 11016.8  9.45713e-01
 11017.5  9.43968e-01
 11018.1  1.16800e+00
 11018.7  1.04724e+00
 11019.4  1.01843e+00
 11020.0  9.17298e-01
 11020.6  8.23949e-01
 11021.3  7.98158e-01
 11021.9  9.45578e-01
 11022.5  1.01232e+00
 11023.2  9.43913e-01
 11023.8  8.80440e-01
 11024.4  7.96823e-01
 11025.1  8.17698e-01
 11025.7  1.00211e+00
 11026.3  9.19604e-01
 11027.0  8.99049e-01
 11027.6  8.78245e-01
 11028.3  9.30460e-01
 11028.9  7.83473e-01
 11029.5  8.89904e-01
 11030.2  1.02541e+00
 11030.8  1.16247e+00
 11031.4  1.10966e+00
 11032.1  9.63873e-01
 11032.7  9.23881e-01
 11033.3  7.52481e-01
 11034.0  8.40051e-01
 11034.6  1.02271e+00
 11035.2  1.26138e+00
 11035.9  9.76224e-01
 11036.5  1.00093e+00
 11037.1  1.07981e+00
 11037.8  9.93238e-01
 11038.4  8.37057e-01
 11039.0  7.57977e-01
 11039.7  8.42412e-01
 11040.3  6.59378e-01
 11040.9  9.82396e-01
 11041.6  8.00509e-01
 11042.2  9.93250e-01
 11042.8  1.33983e+00
 11043.5  1.12737e+00
 11044.1  1.01875e+00
 11044.7  7.30381e-01
 11045.4  8.71788e-01
 11046.0  9.17008e-01
 11046.6  6.27364e-01
 11047.3  8.89321e-01
 11047.9  1.13964e+00
 11048.5  9.53021e-01
 11049.2  9.60827e-01
 11049.8  9.63567e-01
 11050.5  9.63499e-01
 11051.1  9.76651e-01
 11051.7  8.46239e-01
 11052.4  6.95473e-01
 11053.0  5.02601e-01
 11053.6  8.37633e-01
 11054.3  8.90883e-01
 11054.9  1.05647e+00
 11055.5  7.97586e-01
 11056.2  1.18811e+00
 11056.8  9.14626e-01
 11057.4  1.17012e+00
 11058.1  1.10289e+00
 11058.7  9.65175e-01
 11059.3  6.59482e-01
 11060.0  5.06049e-01
 11060.6  7.34665e-01
 11061.2  6.64930e-01
 11061.9  7.53343e-01
 11062.5  1.10550e+00
 11063.1  7.59688e-01
 11063.8  8.94121e-01
 11064.4  6.95896e-01
 11065.0  4.76819e-01
 11065.7  9.30139e-01
 11066.3  8.19058e-01
 11066.9  9.01287e-01
 11067.6  6.37825e-01
 11068.2  1.09098e+00
 11068.8  9.17454e-01
 11069.5  7.76178e-01
 11070.1  1.26602e+00
 11070.7  8.25925e-01
 11071.4  1.25305e+00
 11072.0  8.94952e-01
 11072.6  7.22987e-01
 11073.3  8.30428e-01
 11073.9  8.31278e-01
 11074.6  6.59242e-01
 11075.2  8.13378e-01
 11075.8  9.85483e-01
 11076.5  8.80084e-01
 11077.1  8.10210e-01
 11077.7  5.91109e-01
 11078.4  9.90975e-01
 11079.0  4.23831e-01
 11079.6  5.17235e-01