#\*l[\oA]	F(\*l)
 10414.7  1.00128e+00
 10415.3  1.00846e+00
 10415.9  1.00673e+00
 10416.6  1.00587e+00
 10417.2  1.02121e+00
 10417.8  1.00590e+00
 10418.5  9.97473e-01
 10419.1  9.92251e-01
 10419.8  1.00302e+00
 10420.4  1.00812e+00
 10421.0  9.99930e-01
 10421.7  9.98321e-01
 10422.3  9.83074e-01
 10422.9  9.96971e-01
 10423.6  1.01192e+00
 10424.2  9.94062e-01
 10424.8  9.92336e-01
 10425.5  9.74762e-01
 10426.1  9.80375e-01
 10426.7  9.92390e-01
 10427.4  1.00349e+00
 10428.0  9.97752e-01
 10428.6  9.87495e-01
 10429.3  9.87732e-01
 10429.9  9.94919e-01
 10430.5  9.93381e-01
 10431.2  9.93312e-01
 10431.8  1.00352e+00
 10432.4  1.00795e+00
 10433.1  9.97901e-01
 10433.7  1.00987e+00
 10434.3  9.98160e-01
 10435.0  1.00331e+00
 10435.6  1.00136e+00
 10436.2  9.94685e-01
 10436.9  9.61187e-01
 10437.5  9.94266e-01
 10438.1  1.01489e+00
 10438.8  9.83467e-01
 10439.4  1.00132e+00
 10440.1  9.97549e-01
 10440.7  9.83169e-01
 10441.3  9.96160e-01
 10442.0  1.01458e+00
 10442.6  1.00073e+00
 10443.2  9.95791e-01
 10443.9  1.00934e+00
 10444.5  9.99779e-01
 10445.1  9.91234e-01
 10445.8  9.97272e-01
 10446.4  9.90445e-01
 10447.0  9.89482e-01
 10447.7  1.00216e+00
 10448.3  1.01674e+00
 10448.9  1.01115e+00
 10449.6  1.01999e+00
 10450.2  1.00951e+00
 10450.8  1.01107e+00
 10451.5  1.00149e+00
 10452.1  1.01208e+00
 10452.7  1.01015e+00
 10453.4  1.02782e+00
 10454.0  1.01704e+00
 10454.6  1.02329e+00
 10455.3  1.01716e+00
 10455.9  1.00817e+00
 10456.5  1.01570e+00
 10457.2  1.01079e+00
 10457.8  9.70081e-01
 10458.4  9.99074e-01
 10459.1  9.98949e-01
 10459.7  1.00683e+00
 10460.3  9.99502e-01
 10461.0  1.01626e+00
 10461.6  1.00301e+00
 10462.3  1.01745e+00
 10462.9  1.01012e+00
 10463.5  1.00109e+00
 10464.2  1.00648e+00
 10464.8  1.01750e+00
 10465.4  1.00569e+00
 10466.1  1.00627e+00
 10466.7  9.95418e-01
 10467.3  9.94958e-01
 10468.0  9.91450e-01
 10468.6  9.82847e-01
 10469.2  1.00294e+00
 10469.9  9.97367e-01
 10470.5  9.81357e-01
 10471.1  1.00837e+00
 10471.8  9.88304e-01
 10472.4  1.01255e+00
 10473.0  9.92792e-01
 10473.7  1.00974e+00
 10474.3  9.90229e-01
 10474.9  9.86217e-01
 10475.6  9.94451e-01
 10476.2  9.90424e-01
 10476.8  9.92385e-01
 10477.5  1.00659e+00
 10478.1  9.82324e-01
 10478.7  9.85550e-01
 10479.4  1.00000e+00
 10480.0  9.93044e-01
 10480.6  9.99259e-01
 10481.3  9.96477e-01
 10481.9  1.00774e+00
 10482.6  1.01003e+00
 10483.2  1.00260e+00
 10483.8  9.81728e-01
 10484.5  9.99444e-01
 10485.1  1.00124e+00
 10485.7  9.97207e-01
 10486.4  1.00175e+00
 10487.0  1.00296e+00
 10487.6  1.00924e+00
 10488.3  9.96387e-01
 10488.9  9.96871e-01
 10489.5  1.00153e+00
 10490.2  9.93725e-01
 10490.8  9.89407e-01
 10491.4  9.93628e-01
 10492.1  1.00403e+00
 10492.7  9.97220e-01
 10493.3  1.01439e+00
 10494.0  1.00655e+00
 10494.6  1.00777e+00
 10495.2  1.03855e+00
 10495.9  1.05464e+00
 10496.5  1.05864e+00
 10497.1  1.04074e+00
 10497.8  1.04987e+00
 10498.4  1.02195e+00
 10499.0  1.02770e+00
 10499.7  1.01489e+00
 10500.3  1.01026e+00
 10500.9  1.01740e+00
 10501.6  1.03601e+00
 10502.2  1.02720e+00
 10502.8  1.01706e+00
 10503.5  1.03077e+00
 10504.1  1.01518e+00
 10504.8  1.01539e+00
 10505.4  1.02033e+00
 10506.0  1.02538e+00
 10506.7  1.05977e+00
 10507.3  1.04213e+00
 10507.9  1.01199e+00
 10508.6  1.03585e+00
 10509.2  1.01596e+00
 10509.8  1.00689e+00
 10510.5  1.00236e+00
 10511.1  9.92687e-01
 10511.7  9.91181e-01
 10512.4  1.01589e+00
 10513.0  1.00501e+00
 10513.6  1.01371e+00
 10514.3  1.00823e+00
 10514.9  1.00578e+00
 10515.5  1.00391e+00
 10516.2  1.01220e+00
 10516.8  1.02233e+00
 10517.4  1.00835e+00
 10518.1  1.00695e+00
 10518.7  9.95739e-01
 10519.3  1.01606e+00
 10520.0  9.95457e-01
 10520.6  1.01445e+00
 10521.2  1.00661e+00
 10521.9  1.00970e+00
 10522.5  1.01598e+00
 10523.1  1.00759e+00
 10523.8  1.00086e+00
 10524.4  1.00584e+00
 10525.1  1.01832e+00
 10525.7  1.01267e+00
 10526.3  1.00941e+00
 10527.0  1.00490e+00
 10527.6  9.92238e-01
 10528.2  9.96613e-01
 10528.9  9.81300e-01
 10529.5  9.80744e-01
 10530.1  1.00559e+00
 10530.8  9.98110e-01
 10531.4  9.94202e-01
 10532.0  1.02019e+00
 10532.7  1.01203e+00
 10533.3  1.01711e+00
 10533.9  1.01849e+00
 10534.6  1.02231e+00
 10535.2  1.00515e+00
 10535.8  9.75155e-01
 10536.5  9.94536e-01
 10537.1  9.93148e-01
 10537.7  1.01178e+00
 10538.4  1.03443e+00
 10539.0  1.00129e+00
 10539.6  1.02109e+00
 10540.3  1.02621e+00
 10540.9  1.01771e+00
 10541.5  1.01323e+00
 10542.2  1.02252e+00
 10542.8  1.01112e+00
 10543.4  9.92734e-01
 10544.1  9.99735e-01
 10544.7  1.02129e+00
 10545.3  1.01155e+00
 10546.0  1.01198e+00
 10546.6  1.02347e+00
 10547.3  1.02281e+00
 10547.9  9.96300e-01
 10548.5  1.00848e+00
 10549.2  1.01498e+00
 10549.8  9.68181e-01
 10550.4  9.61495e-01
 10551.1  1.00929e+00
 10551.7  1.00092e+00
 10552.3  9.83016e-01
 10553.0  9.94277e-01
 10553.6  1.00120e+00
 10554.2  9.89504e-01
 10554.9  9.94801e-01
 10555.5  1.01396e+00
 10556.1  1.00128e+00
 10556.8  1.00866e+00
 10557.4  1.00971e+00
 10558.0  1.02621e+00
 10558.7  9.99164e-01
 10559.3  1.01595e+00
 10559.9  9.90012e-01
 10560.6  9.94142e-01
 10561.2  9.84786e-01
 10561.8  9.93472e-01
 10562.5  9.95974e-01
 10563.1  9.88025e-01
 10563.7  1.00019e+00
 10564.4  9.88061e-01
 10565.0  1.00964e+00
 10565.6  9.90411e-01
 10566.3  9.86431e-01
 10566.9  9.89908e-01
 10567.6  9.98075e-01
 10568.2  9.91336e-01
 10568.8  9.91118e-01
 10569.5  1.00775e+00
 10570.1  1.00043e+00
 10570.7  1.00589e+00
 10571.4  9.83889e-01
 10572.0  1.01466e+00
 10572.6  9.96726e-01
 10573.3  1.00199e+00
 10573.9  9.93842e-01
 10574.5  1.00382e+00
 10575.2  1.00947e+00
 10575.8  9.82902e-01
 10576.4  1.00219e+00
 10577.1  1.00184e+00
 10577.7  1.00476e+00
 10578.3  1.00073e+00
 10579.0  9.80589e-01
 10579.6  9.96819e-01
 10580.2  9.87697e-01
 10580.9  9.97131e-01
 10581.5  9.91917e-01
 10582.1  9.95264e-01
 10582.8  9.91627e-01
 10583.4  1.01874e+00
 10584.0  9.99852e-01
 10584.7  9.95324e-01
 10585.3  9.91200e-01
 10585.9  1.00105e+00
 10586.6  1.00105e+00
 10587.2  9.93131e-01
 10587.8  9.87107e-01
 10588.5  1.00245e+00
 10589.1  9.82391e-01
 10589.8  9.89295e-01
 10590.4  9.87812e-01
 10591.0  9.85373e-01
 10591.7  9.97492e-01
 10592.3  1.00559e+00
 10592.9  1.01229e+00
 10593.6  1.00325e+00
 10594.2  9.86569e-01
 10594.8  1.00348e+00
 10595.5  9.90700e-01
 10596.1  1.00153e+00
 10596.7  9.97224e-01
 10597.4  1.01098e+00
 10598.0  1.00198e+00
 10598.6  9.87412e-01
 10599.3  9.94867e-01
 10599.9  9.86185e-01
 10600.5  9.99434e-01
 10601.2  1.00342e+00
 10601.8  1.00040e+00
 10602.4  9.80285e-01
 10603.1  1.00452e+00
 10603.7  1.00532e+00
 10604.3  1.00381e+00
 10605.0  9.85670e-01
 10605.6  9.98437e-01
 10606.2  9.88985e-01
 10606.9  9.90898e-01
 10607.5  9.87770e-01
 10608.1  9.94378e-01
 10608.8  9.93585e-01
 10609.4  9.99601e-01
 10610.1  9.93671e-01
 10610.7  9.99875e-01
 10611.3  1.00127e+00
 10612.0  9.97339e-01
 10612.6  9.97836e-01
 10613.2  9.90343e-01
 10613.9  1.00344e+00
 10614.5  1.00260e+00
 10615.1  9.92934e-01
 10615.8  1.00628e+00
 10616.4  1.00226e+00
 10617.0  9.95440e-01
 10617.7  9.87559e-01
 10618.3  9.96189e-01
 10618.9  1.01751e+00
 10619.6  9.89056e-01
 10620.2  9.90223e-01
 10620.8  1.01221e+00
 10621.5  9.84395e-01
 10622.1  1.00579e+00
 10622.7  1.01894e+00
 10623.4  9.98462e-01
 10624.0  9.97672e-01
 10624.6  1.00195e+00
 10625.3  9.91838e-01
 10625.9  9.86378e-01
 10626.5  1.00294e+00
 10627.2  9.96861e-01
 10627.8  9.80749e-01
 10628.4  9.88054e-01
 10629.1  1.00697e+00
 10629.7  1.00466e+00
 10630.3  1.01408e+00
 10631.0  1.00405e+00
 10631.6  1.00272e+00
 10632.3  1.00277e+00
 10632.9  9.83145e-01
 10633.5  9.93428e-01
 10634.2  9.97787e-01
 10634.8  9.84972e-01
 10635.4  9.84968e-01
 10636.1  9.89160e-01
 10636.7  9.88101e-01
 10637.3  1.01266e+00
 10638.0  1.03184e+00
 10638.6  1.00421e+00
 10639.2  1.02519e+00
 10639.9  1.00372e+00
 10640.5  1.00123e+00
 10641.1  1.01057e+00
 10641.8  9.83266e-01
 10642.4  1.00012e+00
 10643.0  1.00022e+00
 10643.7  9.85481e-01
 10644.3  1.00907e+00
 10644.9  9.96596e-01
 10645.6  9.87511e-01
 10646.2  1.01630e+00
 10646.8  1.00451e+00
 10647.5  1.01210e+00
 10648.1  1.00851e+00
 10648.7  1.00988e+00
 10649.4  1.00577e+00
 10650.0  1.00195e+00
 10650.6  1.00059e+00
 10651.3  1.02640e+00
 10651.9  1.00066e+00
 10652.6  1.01097e+00
 10653.2  1.00730e+00
 10653.8  1.00167e+00
 10654.5  9.99893e-01
 10655.1  1.00265e+00
 10655.7  9.93116e-01
 10656.4  1.00647e+00
 10657.0  1.00130e+00
 10657.6  9.92806e-01
 10658.3  1.00528e+00
 10658.9  9.98118e-01
 10659.5  1.00959e+00
 10660.2  1.02326e+00
 10660.8  1.00877e+00
 10661.4  9.84850e-01
 10662.1  1.00355e+00
 10662.7  1.00239e+00
 10663.3  1.00106e+00
 10664.0  9.88378e-01
 10664.6  9.93354e-01
 10665.2  9.85053e-01
 10665.9  9.81955e-01
 10666.5  1.00006e+00
 10667.1  9.94644e-01
 10667.8  9.88187e-01
 10668.4  1.00532e+00
 10669.0  1.01623e+00
 10669.7  1.00284e+00
 10670.3  1.00512e+00
 10670.9  9.93848e-01
 10671.6  9.99741e-01
 10672.2  9.89278e-01
 10672.8  1.00115e+00
 10673.5  9.96971e-01
 10674.1  1.01737e+00
 10674.8  9.99791e-01
 10675.4  1.00043e+00
 10676.0  1.01037e+00
 10676.7  9.70205e-01
 10677.3  1.01503e+00
 10677.9  1.01017e+00
 10678.6  9.98196e-01
 10679.2  1.00707e+00
 10679.8  1.00677e+00
 10680.5  9.99912e-01
 10681.1  1.01113e+00
 10681.7  1.03216e+00
 10682.4  1.00894e+00
 10683.0  1.00164e+00
 10683.6  9.77895e-01
 10684.3  1.00090e+00
 10684.9  1.00433e+00
 10685.5  1.00316e+00
 10686.2  1.00303e+00
 10686.8  9.97714e-01
 10687.4  1.00893e+00
 10688.1  1.01821e+00
 10688.7  1.01064e+00
 10689.3  1.02508e+00
 10690.0  1.01704e+00
 10690.6  1.01459e+00
 10691.2  9.95866e-01
 10691.9  9.87562e-01
 10692.5  9.93027e-01
 10693.1  1.00967e+00
 10693.8  1.00531e+00
 10694.4  9.99187e-01
 10695.1  1.00678e+00
 10695.7  1.00369e+00
 10696.3  9.99319e-01
 10697.0  1.00100e+00
 10697.6  1.00512e+00
 10698.2  9.99122e-01
 10698.9  1.00222e+00
 10699.5  1.00387e+00
 10700.1  1.00600e+00
 10700.8  1.01349e+00
 10701.4  1.00648e+00
 10702.0  9.99667e-01
 10702.7  1.01189e+00
 10703.3  1.00824e+00
 10703.9  9.92831e-01
 10704.6  9.80859e-01
 10705.2  1.00441e+00
 10705.8  9.96220e-01
 10706.5  9.93116e-01
 10707.1  9.75076e-01
 10707.7  1.00366e+00
 10708.4  9.96040e-01
 10709.0  9.89184e-01
 10709.6  9.88872e-01
 10710.3  9.92164e-01
 10710.9  1.00662e+00
 10711.5  1.01598e+00
 10712.2  1.01096e+00
 10712.8  1.01141e+00
 10713.4  1.01965e+00
 10714.1  1.00526e+00
 10714.7  1.01191e+00
 10715.3  1.01087e+00
 10716.0  1.00884e+00
 10716.6  9.92901e-01
 10717.3  9.87122e-01
 10717.9  9.96020e-01
 10718.5  1.00551e+00
 10719.2  1.00222e+00
 10719.8  1.00578e+00
 10720.4  1.01166e+00
 10721.1  1.00889e+00
 10721.7  9.91066e-01
 10722.3  9.89809e-01
 10723.0  1.00650e+00
 10723.6  1.00824e+00
 10724.2  1.00501e+00
 10724.9  9.93367e-01
 10725.5  1.00134e+00
 10726.1  9.96824e-01
 10726.8  9.93016e-01
 10727.4  9.77186e-01
 10728.0  1.00899e+00
 10728.7  1.01522e+00
 10729.3  1.00789e+00
 10729.9  1.00984e+00
 10730.6  1.00878e+00
 10731.2  1.01249e+00
 10731.8  1.00631e+00
 10732.5  1.02118e+00
 10733.1  1.01731e+00
 10733.7  1.00645e+00
 10734.4  1.01427e+00
 10735.0  9.97008e-01
 10735.6  1.00733e+00
 10736.3  1.00624e+00
 10736.9  9.93393e-01
 10737.6  9.95142e-01
 10738.2  9.93459e-01
 10738.8  9.84264e-01
 10739.5  1.00680e+00
 10740.1  9.87483e-01
 10740.7  1.00001e+00
 10741.4  9.98310e-01
 10742.0  9.97626e-01
 10742.6  1.00653e+00
 10743.3  1.00717e+00
 10743.9  9.87726e-01
 10744.5  9.71011e-01
 10745.2  9.88150e-01
 10745.8  9.77054e-01
 10746.4  9.86168e-01
 10747.1  9.91197e-01
 10747.7  1.00170e+00
 10748.3  9.95178e-01
 10749.0  9.94995e-01
 10749.6  1.01619e+00
 10750.2  9.96865e-01
 10750.9  1.00621e+00
 10751.5  1.00987e+00
 10752.1  1.01408e+00
 10752.8  1.00838e+00
 10753.4  1.01394e+00
 10754.0  1.03466e+00
 10754.7  1.02477e+00
 10755.3  1.01242e+00
 10755.9  1.01568e+00
 10756.6  1.00806e+00
 10757.2  9.71409e-01
 10757.8  1.01856e+00
 10758.5  1.00821e+00
 10759.1  1.00225e+00
 10759.8  1.00876e+00
 10760.4  1.00435e+00
 10761.0  9.83205e-01
 10761.7  9.89903e-01
 10762.3  1.00891e+00
 10762.9  1.02409e+00
 10763.6  1.00154e+00
 10764.2  1.00730e+00
 10764.8  1.01981e+00
 10765.5  9.93992e-01
 10766.1  9.98803e-01
 10766.7  9.89189e-01
 10767.4  9.91725e-01
 10768.0  9.91465e-01
 10768.6  9.86543e-01
 10769.3  9.49531e-01
 10769.9  9.86678e-01
 10770.5  9.96635e-01
 10771.2  9.93115e-01
 10771.8  9.78783e-01
 10772.4  9.66101e-01
 10773.1  9.57468e-01
 10773.7  9.76959e-01
 10774.3  9.80004e-01
 10775.0  1.01139e+00
 10775.6  9.96986e-01
 10776.2  1.01371e+00
 10776.9  1.00528e+00
 10777.5  9.88723e-01
 10778.1  1.00126e+00
 10778.8  1.00609e+00
 10779.4  9.84875e-01
 10780.1  9.93198e-01
 10780.7  1.01869e+00
 10781.3  1.00995e+00
 10782.0  9.92035e-01
 10782.6  1.01450e+00
 10783.2  1.00141e+00
 10783.9  9.88014e-01
 10784.5  1.00650e+00
 10785.1  1.01845e+00
 10785.8  1.00482e+00
 10786.4  1.01096e+00
 10787.0  9.94500e-01
 10787.7  9.98484e-01
 10788.3  9.98256e-01
 10788.9  1.00124e+00
 10789.6  1.01114e+00
 10790.2  1.00351e+00
 10790.8  1.00805e+00
 10791.5  9.84749e-01
 10792.1  9.93209e-01
 10792.7  1.00002e+00
 10793.4  1.00039e+00
 10794.0  1.01140e+00
 10794.6  1.02381e+00
 10795.3  1.00043e+00
 10795.9  9.99138e-01
 10796.5  9.89991e-01
 10797.2  1.00112e+00
 10797.8  9.81157e-01
 10798.4  1.01044e+00
 10799.1  1.00998e+00
 10799.7  9.76629e-01
 10800.4  9.99876e-01
 10801.0  9.84532e-01
 10801.6  1.00449e+00
 10802.3  9.98347e-01
 10802.9  1.02345e+00
 10803.5  1.04290e+00
 10804.2  1.00421e+00
 10804.8  1.01347e+00
 10805.4  1.00953e+00
 10806.1  1.00197e+00
 10806.7  9.92894e-01
 10807.3  9.96915e-01
 10808.0  1.01409e+00
 10808.6  1.01197e+00
 10809.2  1.00278e+00
 10809.9  1.01202e+00
 10810.5  1.00680e+00
 10811.1  1.00064e+00
 10811.8  9.83400e-01
 10812.4  1.00029e+00
 10813.0  1.00885e+00
 10813.7  1.01090e+00
 10814.3  1.01627e+00
 10814.9  1.01532e+00
 10815.6  1.02351e+00
 10816.2  1.01151e+00
 10816.8  1.01937e+00
 10817.5  1.01257e+00
 10818.1  1.02732e+00
 10818.7  1.02980e+00
 10819.4  1.03837e+00
 10820.0  1.05629e+00
 10820.6  1.06342e+00
 10821.3  1.09563e+00
 10821.9  1.14094e+00
 10822.6  1.19536e+00
 10823.2  1.27583e+00
 10823.8  1.39925e+00
 10824.5  1.55174e+00
 10825.1  1.66554e+00
 10825.7  1.72270e+00
 10826.4  1.79714e+00
 10827.0  1.79637e+00
 10827.6  1.73177e+00
 10828.3  1.68883e+00
 10828.9  1.67702e+00
 10829.5  1.70881e+00
 10830.2  1.73379e+00
 10830.8  1.77807e+00
 10831.4  1.70650e+00
 10832.1  1.64314e+00
 10832.7  1.57926e+00
 10833.3  1.47780e+00
 10834.0  1.43601e+00
 10834.6  1.40814e+00
 10835.2  1.32039e+00
 10835.9  1.24397e+00
 10836.5  1.19927e+00
 10837.1  1.16402e+00
 10837.8  1.06737e+00
 10838.4  1.05361e+00
 10839.0  1.03550e+00
 10839.7  1.03812e+00
 10840.3  1.02863e+00
 10840.9  1.02212e+00
 10841.6  1.02521e+00
 10842.2  1.02942e+00
 10842.9  1.01277e+00
 10843.5  1.00615e+00
 10844.1  1.00218e+00
 10844.8  1.00714e+00
 10845.4  9.96376e-01
 10846.0  9.96892e-01
 10846.7  1.00738e+00
 10847.3  1.02661e+00
 10847.9  1.01204e+00
 10848.6  1.01826e+00
 10849.2  1.01199e+00
 10849.8  1.01456e+00
 10850.5  1.01312e+00
 10851.1  9.97961e-01
 10851.7  1.00236e+00
 10852.4  9.99338e-01
 10853.0  1.00262e+00
 10853.6  9.99929e-01
 10854.3  1.00858e+00
 10854.9  1.03585e+00
 10855.5  1.04103e+00
 10856.2  1.04447e+00
 10856.8  1.05268e+00
 10857.4  1.03163e+00
 10858.1  1.03648e+00
 10858.7  1.02336e+00
 10859.3  1.01713e+00
 10860.0  9.93288e-01
 10860.6  9.75630e-01
 10861.2  9.54087e-01
 10861.9  1.01231e+00
 10862.5  1.03128e+00
 10863.1  1.00812e+00
 10863.8  1.01942e+00
 10864.4  1.03016e+00
 10865.1  1.02236e+00
 10865.7  1.00815e+00
 10866.3  1.02342e+00
 10867.0  1.03903e+00
 10867.6  1.04332e+00
 10868.2  1.02831e+00
 10868.9  1.01987e+00
 10869.5  1.00587e+00
 10870.1  1.00531e+00
 10870.8  1.00321e+00
 10871.4  1.02071e+00
 10872.0  1.01871e+00
 10872.7  1.00433e+00
 10873.3  1.01016e+00
 10873.9  1.00885e+00
 10874.6  1.03089e+00
 10875.2  9.91806e-01
 10875.8  1.00555e+00
 10876.5  1.01200e+00
 10877.1  1.03630e+00
 10877.7  1.01630e+00
 10878.4  9.98981e-01
 10879.0  1.01055e+00
 10879.6  1.02101e+00
 10880.3  1.02318e+00
 10880.9  1.02816e+00
 10881.5  1.00535e+00
 10882.2  9.88162e-01
 10882.8  9.99529e-01
 10883.4  9.92952e-01
 10884.1  1.01187e+00
 10884.7  9.98140e-01
 10885.4  9.99572e-01
 10886.0  1.01326e+00
 10886.6  1.00718e+00
 10887.3  9.93468e-01
 10887.9  1.01200e+00
 10888.5  9.88950e-01
 10889.2  9.97731e-01
 10889.8  1.01064e+00
 10890.4  9.91869e-01
 10891.1  1.01069e+00
 10891.7  1.00457e+00
 10892.3  9.86719e-01
 10893.0  9.94927e-01
 10893.6  9.77293e-01
 10894.2  1.00734e+00
 10894.9  1.01941e+00
 10895.5  1.00777e+00
 10896.1  1.00925e+00
 10896.8  1.00808e+00
 10897.4  1.01453e+00
 10898.0  1.01789e+00
 10898.7  1.00328e+00
 10899.3  1.00598e+00
 10899.9  9.72056e-01
 10900.6  9.89784e-01
 10901.2  9.49134e-01
 10901.8  9.92579e-01
 10902.5  9.79770e-01
 10903.1  1.00338e+00
 10903.7  9.79875e-01
 10904.4  9.80635e-01
 10905.0  9.89715e-01
 10905.6  1.01049e+00
 10906.3  1.02671e+00
 10906.9  1.04122e+00
 10907.6  1.04579e+00
 10908.2  1.05714e+00
 10908.8  1.00892e+00
 10909.5  1.05693e+00
 10910.1  1.06124e+00
 10910.7  1.06617e+00
 10911.4  1.06538e+00
 10912.0  1.05978e+00
 10912.6  1.06602e+00
 10913.3  1.06794e+00
 10913.9  1.10183e+00
 10914.5  1.08305e+00
 10915.2  1.09104e+00
 10915.8  1.05550e+00
 10916.4  1.08475e+00
 10917.1  1.08400e+00
 10917.7  1.06801e+00
 10918.3  1.10223e+00
 10919.0  1.04502e+00
 10919.6  1.11433e+00
 10920.2  1.09667e+00
 10920.9  1.11239e+00
 10921.5  1.11598e+00
 10922.1  1.09714e+00
 10922.8  1.03857e+00
 10923.4  1.03486e+00
 10924.0  1.02454e+00
 10924.7  1.03899e+00
 10925.3  1.08841e+00
 10925.9  1.03951e+00
 10926.6  1.02351e+00
 10927.2  1.11889e+00
 10927.9  1.08113e+00
 10928.5  1.09317e+00
 10929.1  1.10272e+00
 10929.8  1.08551e+00
 10930.4  1.07919e+00
 10931.0  1.07065e+00
 10931.7  1.13439e+00
 10932.3  1.18385e+00
 10932.9  1.25203e+00
 10933.6  1.30730e+00
 10934.2  1.34517e+00
 10934.8  1.32063e+00
 10935.5  1.26227e+00
 10936.1  1.23675e+00
 10936.7  1.25004e+00
 10937.4  1.31259e+00
 10938.0  1.29141e+00
 10938.6  1.29817e+00
 10939.3  1.25775e+00
 10939.9  1.24443e+00
 10940.5  1.23188e+00
 10941.2  1.19035e+00
 10941.8  1.22215e+00
 10942.4  1.18706e+00
 10943.1  1.12101e+00
 10943.7  1.14640e+00
 10944.3  1.04473e+00
 10945.0  9.82118e-01
 10945.6  9.74788e-01
 10946.2  9.90847e-01
 10946.9  9.41945e-01
 10947.5  9.43927e-01
 10948.1  1.06198e+00
 10948.8  1.08662e+00
 10949.4  1.10309e+00
 10950.1  1.12537e+00
 10950.7  1.13586e+00
 10951.3  1.11995e+00
 10952.0  1.13302e+00
 10952.6  1.12074e+00
 10953.2  1.12834e+00
 10953.9  1.10291e+00
 10954.5  1.07508e+00
 10955.1  1.08625e+00
 10955.8  1.04388e+00
 10956.4  1.05862e+00
 10957.0  1.03268e+00
 10957.7  9.85044e-01
 10958.3  1.07021e+00
 10958.9  1.06154e+00
 10959.6  1.04212e+00
 10960.2  1.02674e+00
 10960.8  1.02927e+00
 10961.5  1.04289e+00
 10962.1  1.02531e+00
 10962.7  1.05716e+00
 10963.4  1.04497e+00
 10964.0  1.06293e+00
 10964.6  1.02013e+00
 10965.3  1.02775e+00
 10965.9  1.03948e+00
 10966.5  1.02725e+00
 10967.2  1.03624e+00
 10967.8  9.99753e-01
 10968.4  1.01606e+00
 10969.1  9.92686e-01
 10969.7  1.04128e+00
 10970.4  1.01587e+00
 10971.0  1.02191e+00
 10971.6  1.01428e+00
 10972.3  1.01863e+00
 10972.9  1.04266e+00
 10973.5  1.00274e+00
 10974.2  9.81923e-01
 10974.8  9.83457e-01
 10975.4  9.76315e-01
 10976.1  9.27709e-01
 10976.7  9.80438e-01
 10977.3  9.37410e-01
 10978.0  9.92817e-01
 10978.6  9.68398e-01
 10979.2  9.99125e-01
 10979.9  1.00647e+00
 10980.5  1.02402e+00
 10981.1  1.03863e+00
 10981.8  1.03087e+00
 10982.4  9.89549e-01
 10983.0  9.97130e-01
 10983.7  9.96976e-01
 10984.3  9.95881e-01
 10984.9  1.00198e+00
 10985.6  9.67414e-01
 10986.2  9.82268e-01
 10986.8  9.54648e-01
 10987.5  9.67086e-01
 10988.1  9.71177e-01
 10988.7  9.74192e-01
 10989.4  9.64943e-01
 10990.0  1.01432e+00
 10990.6  9.82953e-01
 10991.3  9.99629e-01
 10991.9  1.00854e+00
 10992.6  9.56862e-01
 10993.2  9.67664e-01
 10993.8  9.45886e-01
 10994.5  1.03430e+00
 10995.1  9.29686e-01
 10995.7  9.47686e-01
 10996.4  9.60302e-01
 10997.0  9.88899e-01
 10997.6  9.82427e-01
 10998.3  9.72555e-01
 10998.9  9.97142e-01
 10999.5  1.00055e+00
 11000.2  9.92776e-01
 11000.8  9.98039e-01
 11001.4  1.00859e+00
 11002.1  1.00380e+00
 11002.7  9.91531e-01
 11003.3  9.70472e-01
 11004.0  9.64683e-01
 11004.6  1.02736e+00
 11005.2  1.04118e+00
 11005.9  9.99117e-01
 11006.5  9.78920e-01
 11007.1  9.52324e-01
 11007.8  9.63649e-01
 11008.4  9.67401e-01
 11009.0  9.40882e-01
 11009.7  9.81883e-01
 11010.3  1.01119e+00
 11010.9  9.80453e-01
 11011.6  1.01097e+00
 11012.2  1.00136e+00
 11012.9  9.97204e-01
 11013.5  1.01673e+00
 11014.1  1.02031e+00
 11014.8  1.01273e+00
 11015.4  9.23642e-01
 11016.0  9.40460e-01
 11016.7  9.55583e-01
 11017.3  9.56054e-01
 11017.9  9.33272e-01
 11018.6  9.27245e-01
 11019.2  9.72442e-01
 11019.8  9.86445e-01
 11020.5  9.98045e-01
 11021.1  9.66508e-01
 11021.7  9.89490e-01
 11022.4  9.87656e-01
 11023.0  9.28302e-01
 11023.6  9.22405e-01
 11024.3  9.63419e-01
 11024.9  9.71610e-01
 11025.5  1.00562e+00
 11026.2  9.93889e-01
 11026.8  1.00050e+00
 11027.4  9.49143e-01
 11028.1  9.45444e-01
 11028.7  9.38492e-01
 11029.3  9.68976e-01
 11030.0  9.51763e-01
 11030.6  1.01872e+00
 11031.2  9.81587e-01
 11031.9  9.40883e-01
 11032.5  9.91175e-01
 11033.1  9.14580e-01
 11033.8  9.88809e-01
 11034.4  1.01384e+00
 11035.1  1.01871e+00
 11035.7  1.00152e+00
 11036.3  9.95414e-01
 11037.0  9.85574e-01
 11037.6  9.95822e-01
 11038.2  1.00978e+00
 11038.9  9.97129e-01
 11039.5  1.06433e+00
 11040.1  9.50610e-01
 11040.8  9.90924e-01
 11041.4  8.46306e-01
 11042.0  9.50085e-01
 11042.7  9.39992e-01
 11043.3  9.98513e-01
 11043.9  1.00765e+00
 11044.6  9.88549e-01
 11045.2  9.68463e-01
 11045.8  9.41939e-01
 11046.5  9.54787e-01
 11047.1  9.49907e-01
 11047.7  9.82908e-01
 11048.4  9.82082e-01
 11049.0  9.38862e-01
 11049.6  1.05429e+00
 11050.3  9.93454e-01
 11050.9  9.99162e-01
 11051.5  9.33837e-01
 11052.2  9.09033e-01
 11052.8  9.20784e-01
 11053.4  8.69480e-01
 11054.1  9.12663e-01
 11054.7  9.11666e-01
 11055.4  9.67141e-01
 11056.0  9.27008e-01
 11056.6  9.90952e-01
 11057.3  1.02384e+00
 11057.9  9.30729e-01
 11058.5  9.75899e-01
 11059.2  8.28808e-01
 11059.8  8.95147e-01
 11060.4  8.37748e-01
 11061.1  9.43460e-01
 11061.7  9.01363e-01
 11062.3  8.79454e-01
 11063.0  9.26752e-01
 11063.6  9.66458e-01