# Date(MJD) Magnitude uncertainty
55514.23616	  17.85683	   0.02253
56488.32939	  18.76181	   0.03331
56488.36582	  18.76467	   0.02992
56489.32626	  18.78336	   0.03565
56489.36289	  18.69840	   0.03442
56491.35721	  18.65268	   0.04294
56498.28980	  18.39790	   0.02989
56500.43422	  18.52922	   0.01280
56501.41988	  18.77178	   0.02824
56501.45605	  18.72958	   0.03130
56502.46742	  18.56002	   0.03506
56503.27465	  18.65548	   0.02790
56503.31132	  18.61295	   0.02971
56505.27163	  18.49126	   0.02290
56505.41425	  18.57832	   0.02996
56513.50470	  18.77540	   0.05904
56515.49670	  18.64536	   0.02646
56516.20826	  18.66356	   0.03168
56516.24802	  18.66022	   0.01962
56518.20242	  18.49351	   0.03699
56518.25131	  18.61751	   0.03288
56518.29041	  18.63809	   0.03110
56520.19334	  18.65493	   0.03666
56520.25701	  18.60882	   0.04450
56520.29488	  18.68242	   0.03663
56529.39718	  18.64956	   0.02651
56529.43346	  18.72069	   0.03521
56529.46950	  18.77104	   0.05634
56532.15970	  18.50767	   0.03512
56532.24578	  18.50836	   0.01788
56532.31912	  18.47910	   0.02127
56537.16429	  18.68369	   0.02911
56537.45612	  18.72794	   0.02626
56537.49250	  18.67074	   0.01701
56539.39483	  18.70635	   0.02375
56539.43118	  18.67301	   0.01997
56539.46814	  18.67624	   0.02202
56541.40691	  18.46205	   0.03266
56541.44414	  18.57299	   0.01961
56543.34669	  18.64891	   0.01760
56543.43679	  18.67739	   0.01950
56545.33896	  18.80273	   0.03822
56546.14125	  18.74978	   0.03564
56546.24068	  18.74806	   0.02867
56546.41507	  18.82774	   0.02084
56548.31800	  18.64010	   0.03326
56548.45631	  18.58106	   0.02136
56548.49296	  18.56471	   0.03470
56550.40024	  18.03718	   0.02051
56550.44832	  17.98800	   0.01862
56550.48191	  18.13192	   0.02558
56552.38512	  18.51457	   0.03701
56552.43230	  18.68288	   0.04046
56552.46575	  18.55063	   0.03622
56558.12679	  18.82467	   0.04038
56558.15940	  18.76601	   0.04239
56558.19295	  18.75105	   0.04055
56560.11681	  18.67800	   0.04206
56560.15059	  18.71671	   0.03320
56560.20559	  18.67118	   0.03799
56562.40247	  18.87654	   0.04211
56562.47419	  18.79867	   0.04879
56564.38602	  18.74992	   0.03582
56564.46833	  18.70003	   0.03463
56566.37091	  18.63119	   0.03868
56566.44337	  18.73066	   0.03847
56568.34645	  18.73342	   0.03966
56568.41987	  18.76494	   0.03260
56570.32339	  18.87385	   0.06916
56570.46095	  18.70690	   0.12416
56572.36285	  18.82619	   0.04011
56572.44725	  18.80720	   0.05290
56576.33208	  17.48176	   0.02242
56576.48402	  17.32226	   0.02171
56580.32748	  18.63781	   0.05336
56580.35282	  18.64466	   0.02734
56587.12142	  18.21431	   0.02336
56587.25208	  18.23391	   0.02250
56589.15391	  18.50732	   0.02622
56589.18001	  18.45708	   0.02460
56591.09043	  18.56355	   0.03070
56591.11758	  18.53598	   0.02801
56593.10497	  18.67758	   0.03939
56593.13542	  18.72240	   0.04214
56596.09009	  18.72869	   0.03071
56596.29199	  18.74318	   0.04700
56598.19435	  18.72205	   0.03084
56598.27627	  18.69448	   0.02962
56600.19255	  18.81206	   0.03895
56600.35051	  18.79335	   0.04549
56602.25343	  18.35655	   0.06805
56602.27883	  18.33784	   0.05077
56604.23115	  18.47716	   0.02807
56604.40069	  18.37451	   0.01868
56607.08198	  18.64600	   0.04081
56607.28429	  18.62546	   0.02692
56609.17745	  18.65879	   0.04266
56611.10898	  18.63764	   0.04198
56611.13329	  18.63893	   0.04128
56621.29479	  18.61191	   0.04298
56622.08446	  18.66158	   0.02647
56622.10905	  18.68042	   0.03565
56625.20354	  18.75831	   0.02942
56625.23247	  18.74449	   0.03708
56627.30289	  18.72191	   0.05082
56637.08132	  18.58328	   0.04654
56637.10642	  18.52968	   0.03245
56639.10692	  18.55140	   0.04304
56648.08280	  18.53740	   0.03048
56648.10917	  18.56201	   0.04104
56653.09568	  18.75093	   0.06988
56653.13734	  18.64455	   0.05062
56659.08707	  18.42059	   0.02905
56659.11190	  18.40881	   0.02983
56663.09284	  18.73422	   0.03204
56663.11843	  18.65229	   0.03529
56666.08588	  18.43154	   0.03814
56668.08770	  18.49827	   0.05531
56668.11222	  18.37771	   0.04404
56670.08942	  18.55897	   0.07829
56675.09919	  18.73604	   0.03605
56675.14168	  18.63425	   0.02992
56677.21062	  18.66824	   0.05021
56680.10995	  18.79787	   0.03970
56680.13740	  18.77809	   0.04982
56683.09992	  17.83881	   0.01948
56683.13194	  17.86144	   0.01451
56685.10920	  18.36243	   0.01588
56687.10219	  18.44451	   0.02533
56687.14475	  18.52342	   0.02468
56690.10520	  18.38136	   0.02816
56690.15279	  18.41602	   0.03600
56697.11039	  18.71816	   0.03306
56771.50559	  18.79659	   0.10823
56772.50256	  18.50516	   0.08195
56775.49464	  18.27491	   0.03401
56776.49197	  18.41316	   0.09266
56777.48838	  18.58158	   0.12023
56785.46738	  18.60843	   0.04125
56785.49089	  18.53552	   0.06026
56789.45628	  19.00988	   0.12426
56789.48222	  18.54937	   0.05756
56837.47402	  18.68178	   0.02449
56845.45242	  18.03303	   0.03863
56845.47884	  18.31822	   0.02191
56855.46222	  18.63426	   0.04276
56862.27785	  19.06862	   0.14724
56862.31650	  19.07385	   0.21702
56862.35530	  18.41697	   0.06883
56862.38817	  18.34141	   0.06868
56869.37086	  18.41535	   0.01918
56869.40135	  18.08327	   0.04396
56869.43428	  18.32900	   0.01860
56869.46248	  17.77066	   0.05609
56869.49927	  18.31326	   0.02704
56876.41522	  18.67149	   0.02254
56876.44466	  18.62607	   0.02095
56876.45058	  18.50974	   0.02945
56876.48899	  18.37019	   0.03134
56882.38472	  18.49277	   0.02243
56882.45426	  18.53818	   0.02781
56886.40657	  18.81396	   0.02811
56886.43473	  18.65777	   0.03745
56886.46407	  18.77291	   0.02813
56886.48626	  18.61684	   0.04029
56886.49722	  18.68447	   0.02727
56886.50936	  18.71470	   0.04463
56932.49492	  18.53101	   0.03719
56932.52231	  18.61388	   0.09669
56940.10688	  18.65712	   0.06618
56972.20890	  18.73178	   0.04196
56972.23176	  18.77623	   0.05063
56979.21826	  18.38491	   0.05405
56980.21221	  18.47411	   0.03306
56986.22259	  18.59665	   0.04421
56986.28578	  18.52678	   0.04854
56987.20258	  18.77675	   0.03462
56987.26433	  18.51196	   0.12934
56988.16044	  18.30055	   0.05029
56989.10013	  18.58120	   0.04124
56989.16557	  18.61096	   0.03219
56990.09579	  18.49829	   0.07560
56990.15965	  18.52373	   0.02331
57000.12383	  18.48478	   0.04763
57000.15459	  18.52979	   0.03597
57001.10524	  18.43561	   0.02542
57001.13257	  18.49917	   0.02335
57011.12233	  18.46924	   0.03141
57011.14887	  18.54768	   0.03374
57014.10122	  18.72774	   0.03857
57014.12328	  18.56159	   0.04912
57015.09928	  18.80616	   0.04983
57015.11895	  18.16953	   0.12564
57018.10068	  18.53581	   0.04387
57018.12509	  18.58421	   0.03766
57019.09567	  19.14866	   0.15056
57019.10936	  18.74198	   0.04595
57030.09887	  18.51656	   0.04161
57030.16275	  18.55096	   0.04412
57036.11696	  18.87067	   0.08379
57037.10262	  18.48819	   0.03379
57037.15286	  18.52574	   0.03700
57038.15338	  18.80115	   0.15357
57039.10544	  18.58934	   0.03086
57039.13707	  18.54560	   0.02437
57040.10478	  18.49079	   0.03205
57040.15436	  18.85305	   0.10719
57041.14765	  18.38496	   0.02980
57042.10102	  18.47033	   0.02177
57042.14770	  17.62844	   0.05205
57043.10185	  18.55347	   0.13565
57043.14678	  18.53537	   0.03035
57046.10066	  18.35495	   0.05369
57046.14241	  18.81644	   0.09445
57047.15525	  19.26526	   0.29271
57059.10799	  18.82522	   0.03651
57059.11758	  18.55181	   0.04246
57063.10801	  18.56291	   0.04079
57063.12001	  18.22987	   0.07481
57064.10920	  18.46474	   0.07203
57064.12826	  19.02690	   0.09366
57168.46631	  18.64608	   0.07352
57179.47640	  18.95003	   0.10647
57180.45855	  18.79179	   0.04485
57185.46873	  18.70347	   0.06750
57198.43492	  18.85176	   0.07506
57198.46803	  18.43947	   0.07502
57207.48208	  18.61641	   0.02729
57210.43863	  18.60622	   0.03432
57210.47753	  18.45814	   0.06518
57214.46127	  18.81115	   0.04662
57218.42646	  18.76314	   0.02550
57218.47632	  18.74547	   0.01742
57230.44390	  18.88039	   0.04961
57237.43162	  18.58132	   0.03361
57237.48108	  18.25799	   0.07159
57239.42503	  17.89612	   0.04303
57239.47012	  18.48001	   0.05280
57242.35853	  18.43929	   0.04691
57242.40331	  18.14454	   0.04438
57245.30272	  18.48184	   0.03404
57245.33991	  18.28351	   0.05380
57248.33740	  18.37364	   0.04659
57248.37045	  18.47958	   0.02185
57251.32752	  18.65439	   0.04523
57251.35716	  18.74264	   0.03985
57267.43427	  18.64552	   0.03309
57267.47725	  18.63862	   0.04253
57363.09105	  18.94666	   0.07097
57369.08424	  18.67105	   0.03518
57369.09310	  18.53359	   0.03634
57374.08289	  18.53322	   0.03176
57374.09191	  18.44440	   0.02950
57400.09411	  18.59715	   0.03993
57400.10291	  19.17758	   0.08193
57425.11060	  18.55949	   0.12973
57431.10759	  18.53480	   0.04407
57431.11384	  18.56119	   0.04324
57434.12007	  18.53368	   0.04559
57434.12381	  18.57887	   0.03441
57544.48028	  18.66810	   0.06662
57552.47619	  18.55673	   0.03497
57553.48097	  18.47534	   0.04977
57554.47190	  18.56064	   0.03274
57555.44130	  18.46485	   0.02975
57555.44130	  18.44622	   0.02855
57555.46503	  18.39437	   0.07916
57555.46503	  18.44677	   0.02283
57564.44525	  18.62181	   0.04802
57564.45274	  18.63477	   0.05294
57567.48385	  18.74039	   0.05514
57577.47160	  18.77403	   0.04309
57578.45530	  18.72538	   0.04121
57578.45530	  18.51564	   0.03720
57578.48498	  18.67457	   0.04490
57578.48498	  18.68697	   0.04323
57584.45806	  18.70060	   0.04231
57585.44955	  18.69169	   0.09709
57585.44955	  18.82782	   0.05390
57585.48817	  18.79519	   0.05399
57586.43409	  18.75674	   0.03533
57586.47677	  18.83791	   0.03693
57596.45579	  18.68677	   0.03920
57596.48860	  18.77435	   0.05044
57599.46419	  18.78012	   0.03800
57600.48294	  18.64250	   0.03037
57601.47029	  18.75729	   0.04401
57602.47299	  18.82644	   0.04769
57603.47215	  18.85466	   0.03878
57607.42403	  18.75444	   0.03816
57607.47550	  18.73393	   0.03787
57608.42244	  18.71829	   0.03902
57608.46314	  18.76057	   0.03657
57610.37778	  18.89812	   0.05429
57610.40956	  18.89875	   0.03686
57614.27914	  18.51837	   0.03897
57614.31513	  18.53655	   0.02315
57621.48494	  18.76990	   0.08170
57625.51741	  18.71336	   0.07632
57627.49786	  18.86583	   0.04521
57627.50277	  18.83314	   0.04337
57630.48997	  18.80383	   0.04069
57637.50613	  18.66966	   0.03795
57637.52178	  18.79412	   0.07521
57643.49325	  18.65848	   0.03000
57643.51429	  18.68231	   0.03399
57655.28962	  18.87570	   0.06174
57657.31213	  18.71463	   0.04065
57660.32479	  18.70686	   0.02829
57666.32325	  18.86423	   0.04965
57673.20179	  18.50068	   0.03123
57681.27201	  18.87227	   0.04619
57734.08192	  18.61204	   0.03277
57737.08603	  18.62860	   0.05707
57737.10603	  18.57869	   0.05759
57741.07583	  18.45114	   0.03869
57741.09100	  18.51993	   0.04967
57798.12369	  18.57704	   0.05104
